9.145333210264379176e-01
9.135882548777338741e-01
9.124187447996305877e-01
9.110412968695111857e-01
9.094735270899079183e-01
9.077332672098012978e-01
9.038047483548616867e-01
8.993873125321982798e-01
8.945979432613064830e-01
8.895374753250333555e-01
8.842909547904742595e-01
8.789289239970372591e-01
8.735090918360182144e-01
8.680780889697725655e-01
8.573236216061310699e-01
8.468767220048114552e-01
8.368610548623713896e-01
8.273417670595115680e-01
8.183457083650012009e-01
8.098752077583490916e-01
8.019173365097813644e-01
7.944500803976595193e-01
7.808769935758590464e-01
7.689214344553221281e-01
7.583529915971674029e-01
7.489639948610502529e-01
7.405746412932927569e-01
7.330323860357452759e-01
7.262091419332961095e-01
7.199978800325261830e-01
7.090689502764284669e-01
6.996938943057280369e-01
6.914857700134291463e-01
6.841701866749438921e-01
6.771558728813715788e-01
6.711183209854496567e-01
6.655211386165476029e-01
6.602864654458286964e-01
6.506819279347908491e-01
6.419750761344005241e-01
6.339614205390660118e-01
6.265073541986723171e-01
6.195210975919067664e-01
6.129365544630971385e-01
6.067040290152263537e-01
6.007847128754235655e-01
5.897658878347229461e-01
5.796863025971532579e-01
5.704033541497963711e-01
5.618065113154813162e-01
5.538072477255369108e-01
5.463331114829230728e-01
5.393238959223367601e-01
5.327289890652195936e-01
5.206165333081500535e-01
5.097202622434551245e-01
4.998335455058722232e-01
4.907977650537063141e-01
4.824886775896644053e-01
4.748072122378346194e-01
4.676731065217154537e-01
4.611209478376565585e-01
4.488599018410539543e-01
4.380099354813040691e-01
4.290177770392915590e-01
4.201968005764271652e-01
4.121815217624700267e-01
4.048487031704226524e-01
3.980995997781135998e-01
3.923180937667822832e-01
3.810250131875960733e-01
3.710986034123919808e-01
3.625685945688417178e-01
3.545436935637269471e-01
3.474924577935638581e-01
3.407310857107006541e-01
3.344584641878327602e-01
3.288181132995759981e-01
3.182881282809404411e-01
3.086325030113670209e-01
2.999985493179195828e-01
2.920396792424639898e-01
2.846481207234177191e-01
2.777449897808850210e-01
2.711479813057877664e-01
2.650643861449566430e-01
2.539072547699419147e-01
2.442040313366220516e-01
2.345504442397157163e-01
2.266852235224803280e-01
2.195956512229173541e-01
2.132075058687519231e-01
2.069145224207176170e-01
2.018002253299329141e-01
1.931066780674797201e-01
1.858803524612966385e-01
1.805211215056488072e-01
1.762388467527244984e-01
1.732431634635105411e-01
1.710575407592642705e-01
1.697508388287758407e-01
1.690670207145075210e-01
1.693656775734524444e-01
1.713044515635857579e-01
1.744106193674070937e-01
1.782330656025408189e-01
1.827092285577123221e-01
1.875582318140232019e-01
1.926342810203607314e-01
1.978275226644825580e-01
2.082544169591074024e-01
2.183926682051549051e-01
2.279940323673912417e-01
2.369281362055062345e-01
2.446565940150549068e-01
2.528603125836212939e-01
2.594122526779329974e-01
2.652923871333996431e-01
2.751702554547676982e-01
2.831958713627358293e-01
2.887419919763942744e-01
2.928209160506156650e-01
2.952142557303147896e-01
2.964266173924130499e-01
2.966286421979873467e-01
2.959639816444337157e-01
2.925413123540465676e-01
2.870987441184240652e-01
2.805334576537603652e-01
2.729125787636803580e-01
2.647783313937424055e-01
2.563859812332793808e-01
2.479186343203707565e-01
2.397598817898085599e-01
2.234291326527397814e-01
2.083166601775872095e-01
1.941387586378198193e-01
1.813664903220342239e-01
1.695752428514083476e-01
1.589009603053455066e-01
1.493958843365419398e-01
1.405517867733863113e-01
1.258072202917048799e-01
1.137374386714782304e-01
1.038223845907282339e-01
9.564260992078743584e-02
8.886457373583311892e-02
8.283122652869678859e-02
7.818374240724779156e-02
7.428776360376332377e-02
6.825574778764575967e-02
6.397152284475282613e-02
6.093354217654223248e-02
5.873749176495834945e-02
5.730813993551464591e-02
5.638759054710362761e-02
5.586018333829656513e-02
5.564116217425407740e-02
5.590243407920070240e-02
5.680990232474414370e-02
5.817958196200834209e-02
5.982317555950089627e-02
6.171008342897721377e-02
6.370566045040959580e-02
6.579922253237668883e-02
6.800015988702057257e-02
7.246695902637156905e-02
7.701467887872581741e-02
8.126848042050482945e-02
8.585901804525519765e-02
8.992715359946146236e-02
9.427143614766464452e-02
9.809577296613269937e-02
1.021629997410116175e-01
1.095281473552631724e-01
1.163939196507044471e-01
1.227987649963324657e-01
1.287834071803217739e-01
1.343869599789968561e-01
1.396454104907434157e-01
1.445911862001594272e-01
1.492532099825893965e-01
1.576323254897715742e-01
1.653610315204332437e-01
1.723602624188060872e-01
1.787389729607298250e-01
1.845848135065466522e-01
1.899690763655712544e-01
