8.519309275003303128e+01
7.021292928143212464e+01
6.022676631942648839e+01
5.313370240300640290e+01
4.786597293489136717e+01
4.382218591381934658e+01
3.807675439607500323e+01
3.424597446133581258e+01
3.154842060371791135e+01
2.956758580083277366e+01
2.806235543626925732e+01
2.624460595898976933e+01
2.691936489030348412e+01
2.709455454408816522e+01
2.663572436350174755e+01
2.583832032559263325e+01
2.509520483645607669e+01
2.448694338356283851e+01
2.396639686417215032e+01
2.345985305179920033e+01
2.292366800108296943e+01
2.235472654737479203e+01
2.119936352077557729e+01
2.014552510211809633e+01
1.925879326226725041e+01
1.853390950929502523e+01
1.792977050086130930e+01
1.739740938627262778e+01
1.690140848860415446e+01
1.642642933652031800e+01
1.553918385934048096e+01
1.476118066256757544e+01
1.410575489721310127e+01
1.356230856114420114e+01
1.307957954672979461e+01
1.268437481583343995e+01
1.232403362840159744e+01
1.198692477744557117e+01
1.137125101371265501e+01
1.083732535651236795e+01
1.038687409225004465e+01
1.001113516573549589e+01
9.693832523651009225e+00
9.416788392431572063e+00
9.165605133604197263e+00
8.932119511131054068e+00
8.508274450301694714e+00
8.141282306119295598e+00
7.830566424780430523e+00
7.569922983969181729e+00
7.348723093106932502e+00
7.155178123873039198e+00
6.979838571448820694e+00
6.817179761814295524e+00
6.522444294405016052e+00
6.266915051785024282e+00
6.049512968183925921e+00
5.865927977614181721e+00
5.709168759677011096e+00
5.571561987471043587e+00
5.446929525840785935e+00
5.333315696057439048e+00
5.121704580717523214e+00
4.938808520970948024e+00
4.794172423215435686e+00
4.660610565981822440e+00
4.546345654827700145e+00
4.446093987822040461e+00
4.355547741009409002e+00
4.278257517441468316e+00
4.127303071983232208e+00
3.996871740233189918e+00
3.889476483389801675e+00
3.794249385323423152e+00
3.715454397008102649e+00
3.643296436056794541e+00
3.578178787789509929e+00
3.520436473999998483e+00
3.414360981939263517e+00
3.320633250940061121e+00
3.241653111612790017e+00
3.173864728040559857e+00
3.115123649642278281e+00
3.063153062773487534e+00
3.015177003699774705e+00
2.971789091253297155e+00
2.893593777541753287e+00
2.827211975311519243e+00
2.763207031663837299e+00
2.712673857751175532e+00
2.668030783090310720e+00
2.627927131920773984e+00
2.587746613515113481e+00
2.553998466605567952e+00
2.492857837620547468e+00
2.436337628058257376e+00
2.388671778532254653e+00
2.343988115713332210e+00
2.305584218454268530e+00
2.268751583640579828e+00
2.236380188512130829e+00
2.204771214165231363e+00
2.148905774798657742e+00
2.099378277432616180e+00
2.054889724171763632e+00
2.015385296830961792e+00
1.978186652402157852e+00
1.943852024963867331e+00
1.912061865097655744e+00
1.882560100201466469e+00
1.829467387174444903e+00
1.782800795046580955e+00
1.741149138895915938e+00
1.703521436362882557e+00
1.671275864007631951e+00
1.636908520086257424e+00
1.609050207894566320e+00
1.583446931203151609e+00
1.537988703043459138e+00
1.496471298499593594e+00
1.459054490606463306e+00
1.417819682252381197e+00
1.383620360871782751e+00
1.353274826860666469e+00
1.324669088218553892e+00
1.300692866075902066e+00
1.258648626113725744e+00
1.224445496903631136e+00
1.196919128942003807e+00
1.172965822816810721e+00
1.152488937833150429e+00
1.134726965043942881e+00
1.119116329943880661e+00
1.105634300092668276e+00
1.081795035656861304e+00
1.062220122782093767e+00
1.045241786358761971e+00
1.030706905957720965e+00
1.017710838086008263e+00
1.006166804591471120e+00
9.959842935862355251e-01
9.865359160145337203e-01
9.707041830340374933e-01
9.575200705567546988e-01
9.464068065028236054e-01
9.369400764762092493e-01
9.287986283210326599e-01
9.212300320115373031e-01
9.151109433948315663e-01
9.097121004944316303e-01
9.006188404317153617e-01
8.932429208384768948e-01
8.871149826444327813e-01
8.817305160521492491e-01
8.772593104224089000e-01
8.733284448262013111e-01
8.698230183359316747e-01
8.666575534331845132e-01
8.610040121872714058e-01
8.562154065658804658e-01
8.518749528383017244e-01
8.479990548594118493e-01
8.443365016906719811e-01
8.409561503177860331e-01
8.377377508518770721e-01
8.345873150191669421e-01
8.286311940030723910e-01
8.228890492757723329e-01
8.176432727025291225e-01
8.120123901376017361e-01
8.069918683143749716e-01
8.015582077202648703e-01
7.966891437861280956e-01
7.914040513121380904e-01
7.815075507491385798e-01
7.718562268353642564e-01
7.624479705214052272e-01
7.532832935120706841e-01
7.443623595408206395e-01
7.356840064141476621e-01
7.272455890721214455e-01
7.190431396300057676e-01
7.036890823701927866e-01
6.888254431663269894e-01
6.747830102067003955e-01
6.615056157515912805e-01
6.489382231384969169e-01
6.370284484546387960e-01
