8.519309275003502080e+01
7.021292928143718370e+01
6.022676631943042480e+01
5.313370240301351544e+01
4.786597293489506910e+01
4.382218591382083872e+01
3.807675439607386636e+01
3.424597446133247303e+01
3.154842060372231671e+01
2.956758580083298327e+01
2.806235543626961260e+01
2.624460595895187964e+01
2.691936489028112334e+01
2.709455454410592878e+01
2.663572436348624706e+01
2.583832032562122194e+01
2.509520483645605538e+01
2.448694338361484668e+01
2.396639686418848925e+01
2.345985305180920122e+01
2.292366800107330249e+01
2.235472654738079967e+01
2.119936352076280883e+01
2.014552510210672764e+01
1.925879326226603538e+01
1.853390950929631487e+01
1.792977050084764912e+01
1.739740938626470879e+01
1.690140848859919487e+01
1.642642933652297899e+01
1.553918385934174573e+01
1.476118066256323935e+01
1.410575489720778464e+01
1.356230856114210148e+01
1.307957954673372036e+01
1.268437481583628212e+01
1.232403362840722139e+01
1.198692477745191454e+01
1.137125101371981728e+01
1.083732535651800610e+01
1.038687409226037772e+01
1.001113516573151330e+01
9.693832523643251875e+00
9.416788392414455089e+00
9.165605133612057642e+00
8.932119511102378340e+00
8.508274450309809112e+00
8.141282306133842184e+00
7.830566424801795655e+00
7.569922983969746610e+00
7.348723093113458837e+00
7.155178123867175444e+00
6.979838571448931717e+00
6.817179761826687390e+00
6.522444294393167752e+00
6.266915051790904911e+00
6.049512968172538585e+00
5.865927977635142732e+00
5.709168759686677141e+00
5.571561987486833623e+00
5.446929525852331366e+00
5.333315696068623879e+00
5.121704580717071131e+00
4.938808520961964099e+00
4.794172423219237089e+00
4.660610565991506249e+00
4.546345654819423210e+00
4.446093987812608894e+00
4.355547740996381201e+00
4.278257517445847036e+00
4.127303071974954385e+00
3.996871740220304670e+00
3.889476483401186346e+00
3.794249385321617929e+00
3.715454397004420262e+00
3.643296436050177167e+00
3.578178787819430884e+00
3.520436474009370542e+00
3.414360981931004346e+00
3.320633250950342674e+00
3.241653111627205153e+00
3.173864728033685356e+00
3.115123649644555570e+00
3.063153062773299240e+00
3.015177003684130330e+00
2.971789091237613256e+00
2.893593777545400592e+00
2.827211975312761805e+00
2.763207031661348179e+00
2.712673857758472362e+00
2.668030783088641833e+00
2.627927131923417203e+00
2.587746613509704474e+00
2.553998466614109564e+00
2.492857837641434315e+00
2.436337628055222471e+00
2.388671778535272239e+00
2.343988115704767505e+00
2.305584218468148094e+00
2.268751583640310709e+00
2.236380188497733013e+00
2.204771214176221239e+00
2.148905774803467228e+00
2.099378277408953775e+00
2.054889724167825449e+00
2.015385296825749961e+00
1.978186652405174772e+00
1.943852024957615443e+00
1.912061865112797632e+00
1.882560100200915798e+00
1.829467387164959602e+00
1.782800795038573582e+00
1.741149138911762595e+00
1.703521436356852048e+00
1.671275864013420431e+00
1.636908520076704843e+00
1.609050207895078133e+00
1.583446931215266584e+00
1.537988703053438710e+00
1.496471298517070947e+00
1.459054490606587429e+00
1.417819682252122293e+00
1.383620360871406163e+00
1.353274826860725089e+00
1.324669088218911828e+00
1.300692866076358145e+00
1.258648626113439750e+00
1.224445496903726172e+00
1.196919128941506205e+00
1.172965822816315562e+00
1.152488937832626181e+00
1.134726965043602265e+00
1.119116329943976362e+00
1.105634300092416478e+00
1.081795035656763160e+00
1.062220122781809772e+00
1.045241786358425351e+00
1.030706905957822883e+00
1.017710838086036462e+00
1.006166804591076325e+00
9.959842935859477553e-01
9.865359160145935613e-01
9.707041830340277233e-01
9.575200705569723025e-01
9.464068065024990872e-01
9.369400764764128642e-01
9.287986283213560679e-01
9.212300320113467889e-01
9.151109433948315663e-01
9.097121004940180722e-01
9.006188404317565510e-01
8.932429208384385921e-01
8.871149826448360143e-01
8.817305160524799845e-01
8.772593104221074745e-01
8.733284448261389166e-01
8.698230183358739431e-01
8.666575534335786424e-01
8.610040121877347019e-01
8.562154065666590652e-01
8.518749528386890812e-01
8.479990548597975408e-01
8.443365016910282517e-01
8.409561503174158847e-01
8.377377508518977223e-01
8.345873150187701484e-01
8.286311940027009104e-01
8.228890492757738873e-01
8.176432727025286784e-01
8.120123901368527797e-01
8.069918683147175864e-01
8.015582077199141509e-01
7.966891437864903613e-01
7.914040513110262021e-01
7.815075507491657802e-01
7.718562268356662370e-01
7.624479705207117819e-01
7.532832935107435235e-01
7.443623595407748983e-01
7.356840064128582490e-01
7.272455890720683769e-01
7.190431396307153111e-01
7.036890823720534094e-01
6.888254431672743427e-01
6.747830102066325608e-01
6.615056157533266701e-01
6.489382231375346866e-01
6.370284484558729199e-01
