6.307648967215152425e+02
5.140978146953826808e+02
4.350172712094851022e+02
3.777653403270887225e+02
3.343415206360421621e+02
3.002432057623318542e+02
2.500710363259882740e+02
2.148819057138593962e+02
1.888055746759896465e+02
1.686909123825720087e+02
1.526923990320262305e+02
1.396563854061562040e+02
1.288242284330877965e+02
1.196763758765778363e+02
1.050622330418205905e+02
9.389207417248458398e+01
8.506567839180017643e+01
7.790759301916710911e+01
7.198005063363002876e+01
6.698676173362346731e+01
6.271994307517561396e+01
5.902949615783358439e+01
5.296000778934389785e+01
4.816910111207739220e+01
4.428535898532769721e+01
4.106913427853520204e+01
3.835871539509603423e+01
3.604094604854017092e+01
3.403423271521891280e+01
3.227823589396479065e+01
2.934650788049973258e+01
2.699066417160898723e+01
2.505097991461252604e+01
2.342228352009013292e+01
2.195226858073774778e+01
2.076054282091342884e+01
1.971725580961727076e+01
1.879501917377547571e+01
1.723467603947051074e+01
1.596095155568681889e+01
1.489820842520621902e+01
1.399576721458920403e+01
1.321830017909258714e+01
1.254036601719711719e+01
1.194313766846486047e+01
1.141235766122507123e+01
1.050845134843870810e+01
9.765389467788621047e+00
9.142078724019937042e+00
8.610567073929782822e+00
8.151126067023819033e+00
7.749402959356626930e+00
7.394687903535775320e+00
7.078815459340184191e+00
6.539566949928102169e+00
6.095027545662031088e+00
5.721247882210032110e+00
5.401864636181516133e+00
5.125291084124738994e+00
4.883076283866194522e+00
4.668900693076640351e+00
4.480762309572832613e+00
4.149099449628231184e+00
3.875964958174085595e+00
3.662842352540101043e+00
3.464584765214913098e+00
3.293134508215094680e+00
3.143134427410811949e+00
3.010586647212798894e+00
2.901076698621674943e+00
2.697449797662445192e+00
2.529215590043293549e+00
2.392355029768964414e+00
2.269898552606599118e+00
2.167212253908277209e+00
2.072963291311785916e+00
1.989135828238179915e+00
1.916656285333548482e+00
1.788455892488950205e+00
1.678686547754270508e+00
1.586470309224576214e+00
1.506113636732175465e+00
1.435212442296896374e+00
1.372015618448874985e+00
1.314156540052472177e+00
1.262844233240963066e+00
1.173388294135269572e+00
1.099975727294238315e+00
1.030490222084283092e+00
9.761875524277572325e-01
9.288099165150965897e-01
8.872466158965383043e-01
8.472113987864976492e-01
8.152379089033499060e-01
7.617424012277654866e-01
7.176216902439926937e-01
6.845658668410039560e-01
6.572995681817698221e-01
6.370259364417593106e-01
6.205696524015726911e-01
6.086537719331563956e-01
5.993694521790459140e-01
5.886242725591395164e-01
5.849928734741915992e-01
5.862039480007517067e-01
5.905388413392527180e-01
5.971147213470129334e-01
6.050512689764245833e-01
6.137671589990250087e-01
6.228421999225581818e-01
6.409423000102668633e-01
6.578264838649374724e-01
6.738586454521613422e-01
6.658042029754143165e-01
6.588918568081725269e-01
6.511533988618924962e-01
6.442874586116325020e-01
6.373280326499598525e-01
6.232632311488552901e-01
6.085569674716508892e-01
5.951702445971558397e-01
5.813970155465032486e-01
5.688011737710049198e-01
5.566004802973394394e-01
5.441869442850049143e-01
5.331097526712664791e-01
5.121157206637434456e-01
4.930939188776395365e-01
4.758151726234320922e-01
4.587391445732451056e-01
4.423790001597542321e-01
4.270038932523368969e-01
4.129091892472218639e-01
4.005698082166142537e-01
3.787571633898164647e-01
3.605896041065773661e-01
3.439705594287372770e-01
3.286261788097027958e-01
3.139672905401588165e-01
3.004986239468673270e-01
2.886597996477704986e-01
2.779931540452474925e-01
2.610368990701579794e-01
2.473609298244006383e-01
2.354457406517333207e-01
2.245432111881214832e-01
2.144949780258789684e-01
2.047888428477293854e-01
1.969647837062849793e-01
1.902821026273432969e-01
1.797225171075338968e-01
1.716394895128504905e-01
1.649256211336627698e-01
1.588247009453967740e-01
1.536276024210382340e-01
1.491092027112477514e-01
1.452822558444122059e-01
1.420862882084548140e-01
1.370093341194575653e-01
1.330426671651235848e-01
1.292441979090771242e-01
1.252774946992090410e-01
1.207476489006613640e-01
1.158008085492939626e-01
1.104524662163498400e-01
1.046889193360061587e-01
9.473330060037092604e-02
1.000369719707818461e-01
1.049479596905982387e-01
1.101825520619980764e-01
1.147577403670066165e-01
1.195709883139685764e-01
1.237415150836402716e-01
1.281039349506192804e-01
1.357980942608750796e-01
1.427130774089282184e-01
1.489215848246896179e-01
1.544967872205590675e-01
1.595071618456484486e-01
1.640146712640014048e-01
1.680744489469670755e-01
1.717351421053628646e-01
1.778896516206183720e-01
1.830569201210252295e-01
1.872914683153450999e-01
1.907650425163358032e-01
1.936126980821664401e-01
1.959416684130949604e-01
