8.855620984267455142e+00
1.086684212533861604e+01
1.284453363177346574e+01
1.479413180214075929e+01
1.671925074147338464e+01
1.862241393011941426e+01
2.236972352380680817e+01
2.604594028538570427e+01
2.965707460110207094e+01
3.320712275309950456e+01
3.669897535742960315e+01
4.013489715490712229e+01
4.351679224080694297e+01
4.684635430188388483e+01
5.335467914893695252e+01
5.967165616348938073e+01
6.580843534714365717e+01
7.177570923116842039e+01
7.758370359716876408e+01
8.324212673707469889e+01
8.876012615666664374e+01
9.414626542206704585e+01
1.045542936217703414e+02
1.145232664779373835e+02
1.241019161354536209e+02
1.333317186474902485e+02
1.422479818161242804e+02
1.508808381672817802e+02
1.592561039497670095e+02
1.673960016361909879e+02
1.830440999885897497e+02
1.979512745297996617e+02
2.122149185137992617e+02
2.259117852095176318e+02
2.399124366472956638e+02
2.526224775325361804e+02
2.649219828181910543e+02
2.768458085544961023e+02
2.996812977586180295e+02
3.213223804403960457e+02
3.419181450358079246e+02
3.615870575926261381e+02
3.804255707905933832e+02
3.985137706533222399e+02
4.159192269290226704e+02
4.326997086581716303e+02
4.645791504548187163e+02
4.944817639838907439e+02
5.226657638876145029e+02
5.493382975072277077e+02
5.746687363930041101e+02
5.987977422151734572e+02
6.218436738260866150e+02
6.439072465148464062e+02
6.854219374201450137e+02
7.239074243630894898e+02
7.598000829061745662e+02
7.934447015621159380e+02
8.251191099245343139e+02
8.550509052114739461e+02
8.834291711059009913e+02
9.100012966270570587e+02
9.610935884562628644e+02
1.007873395704474319e+03
1.047824922800557943e+03
1.088110146763760667e+03
1.125695563276577104e+03
1.160925829760492434e+03
1.194082425030827835e+03
1.223050104669557641e+03
1.281138894433214318e+03
1.333808078869716155e+03
1.380200620504479957e+03
1.424708753034609344e+03
1.464413504546962031e+03
1.502915038772100388e+03
1.538919864995672242e+03
1.571456364676363364e+03
1.632369268467800566e+03
1.688112225091508890e+03
1.737614694672800624e+03
1.782805086810134753e+03
1.824307097965448520e+03
1.862617686852140423e+03
1.898811078373566716e+03
1.931832376053498365e+03
1.991588245155665390e+03
2.042889049541316353e+03
2.093598916785061647e+03
2.134949462221260546e+03
2.172518313765170205e+03
2.206874055942420455e+03
2.241500941241082273e+03
2.270508716964935957e+03
2.322676171068651001e+03
2.370720196068565201e+03
2.411487495248517916e+03
2.450166824321146123e+03
2.483853388634906878e+03
2.516548453585945481e+03
2.545595797502773621e+03
2.574282130094525201e+03
2.626053624030165338e+03
2.673569555831018079e+03
2.717952932928671089e+03
2.758963269858348212e+03
2.799169955163320537e+03
2.837897807739724612e+03
2.875418191960636250e+03
2.911929792812644337e+03
2.982480372262841684e+03
3.050349043525926845e+03
3.116007934580779875e+03
3.179748512080534965e+03
3.238024629518413349e+03
3.304346517154559024e+03
3.361768442523896283e+03
3.417814846768384541e+03
3.525970246841030530e+03
3.635412587704277939e+03
3.733530350268060829e+03
3.832843644290082921e+03
3.921890121086588351e+03
4.006852508962307638e+03
4.092869245762690753e+03
4.170020392082178660e+03
4.318276859758246246e+03
4.453134327884731647e+03
4.572415544287565353e+03
4.684794194831669301e+03
4.787490391666869982e+03
4.881507389829944259e+03
4.967738303503896532e+03
5.044671339742572854e+03
5.185254489859243222e+03
5.303599996455474866e+03
5.407066266271604945e+03
5.495410886565864530e+03
5.573709797723565316e+03
5.642423397203042441e+03
5.702233351391369979e+03
5.756993826297703890e+03
5.847118091344374079e+03
5.920711959969794407e+03
5.981915423683914014e+03
6.033662087168221660e+03
6.078071095188135587e+03
6.119468112833324085e+03
6.153166827402439594e+03
6.183192056888988191e+03
6.234738861443489441e+03
6.277886632326823928e+03
6.315027101081504952e+03
6.348921410008420935e+03
6.378161366038723827e+03
6.404824764156603123e+03
6.429450714405664257e+03
6.452437990340233227e+03
6.495401877093813710e+03
6.533796454568419904e+03
6.570183774390712642e+03
6.603882882451423029e+03
6.636673821665241121e+03
6.667651494741964598e+03
6.697684580895630461e+03
6.727505036434565227e+03
6.784743566518839543e+03
6.840646708742668125e+03
6.892087709786334926e+03
6.947536916028710039e+03
6.997104056457524166e+03
7.050852651964914003e+03
7.099103837136560287e+03
7.151585049642103513e+03
7.250250171847939782e+03
7.347142383429576512e+03
7.442444426975624083e+03
7.536279384036925876e+03
7.628736786888744064e+03
7.719886398709546484e+03
7.809785780773469014e+03
7.898484588501902181e+03
8.068362834085663962e+03
8.238114941947625994e+03
8.403817727787840340e+03
8.565717020308928113e+03
8.724036127132609181e+03
8.878979123800554589e+03
