7.464100981826717884e-01
7.464004689967467243e-01
7.463842940159466366e-01
7.463597710774152461e-01
7.463251761900462355e-01
7.462789104961924380e-01
7.461457800481277047e-01
7.459510413771539561e-01
7.456883538062974992e-01
7.453541862967760778e-01
7.449474091022985078e-01
7.444688080436776545e-01
7.439206097709281096e-01
7.433060632665693390e-01
7.418940322459484094e-01
7.402677776766424245e-01
7.384634041129984894e-01
7.365149458811828254e-01
7.344529713209055899e-01
7.323041433472496919e-01
7.300912773844743242e-01
7.278336359601667027e-01
7.232456642117952583e-01
7.186382432798019693e-01
7.140768664821166567e-01
7.096038773227704155e-01
7.052454352572965490e-01
7.010165262302336942e-01
6.969245091678644144e-01
6.929716045461375984e-01
6.854762147072790412e-01
6.784993354035435686e-01
6.719959389201690669e-01
6.659182843920632422e-01
6.598765111269813133e-01
6.545382303308642236e-01
6.495005685627361913e-01
6.447320272780316941e-01
6.358966123034548446e-01
6.278541325597686296e-01
6.204702285874574841e-01
6.136421098872091306e-01
6.072898864402489494e-01
6.013504380832870311e-01
5.957730937928715775e-01
5.905165655645490119e-01
5.808351125299822115e-01
5.720933886178514172e-01
5.641366135591567854e-01
5.568480612977637634e-01
5.501371042421325797e-01
5.439316671097529365e-01
5.381732658915012735e-01
5.328136303503754334e-01
5.231350922136783765e-01
5.146390965739016110e-01
5.071335673048622539e-01
5.004700376220370117e-01
4.945306498600530176e-01
4.892198068320539051e-01
4.844585870229138891e-01
4.802442949507081948e-01
4.728083260949915712e-01
4.667698465295444521e-01
4.621888613446998306e-01
4.580940420762686927e-01
4.547310683501848416e-01
4.519594410095066905e-01
4.496657933054422074e-01
4.478927077287835345e-01
4.449057441351982334e-01
4.427257252214786831e-01
4.410895769080838136e-01
4.396481833742598155e-01
4.383672878854127930e-01
4.370377309601991556e-01
4.356361637264143383e-01
4.341732718279445180e-01
4.307284026689615075e-01
4.264971955466592135e-01
4.216360007866200021e-01
4.161210795270449125e-01
4.100294360873419919e-01
4.034478050771355129e-01
3.963230121441085885e-01
3.890131677447214997e-01
3.737333322559095450e-01
3.584516248798621518e-01
3.413868048476871309e-01
3.260846033722941684e-01
3.111787010995357150e-01
2.967972431390819565e-01
2.816819894219406706e-01
2.686340887181302151e-01
2.445989934407180044e-01
2.222958203108476027e-01
2.036970709625478548e-01
1.867057728466647859e-01
1.726948986804472952e-01
1.600040494398342616e-01
1.496136598197495005e-01
1.402627996082799200e-01
1.258571994499106950e-01
1.155092698110138372e-01
1.082408108467518559e-01
1.034078664412447779e-01
1.002183331053174697e-01
9.839245970454157941e-02
9.760648666215843150e-02
9.761373504525749922e-02
9.929663428184198892e-02
1.023951158668126027e-01
1.062833408593348850e-01
1.105824575993494818e-01
1.147861846220621374e-01
1.197444102188569559e-01
1.241053717693034741e-01
1.283734790700918893e-01
1.365365016240502882e-01
1.446004451438227534e-01
1.516175447285661448e-01
1.585046351765413419e-01
1.644989134844934142e-01
1.700668388722874624e-01
1.755630515843620287e-01
1.803810616353302976e-01
1.893730805534517003e-01
1.972871860819509493e-01
2.041100253475747195e-01
2.104108512023969979e-01
2.160795634247847374e-01
2.212086490486910861e-01
2.258729433059443181e-01
2.300100248489798105e-01
2.375344308783837732e-01
2.438603979715594505e-01
2.494081528609513043e-01
2.541733465123456881e-01
2.584293160036281733e-01
2.621969151265943765e-01
2.655058747082534865e-01
2.685625783629461694e-01
2.736543082650655379e-01
2.778683698057307083e-01
2.814053442924091541e-01
