9.559850476767175564e+01
8.093398582410857500e+01
7.064067493154973931e+01
6.296875191889863999e+01
5.700289298806992377e+01
5.221487934735891656e+01
4.497518522640983463e+01
3.973373274847259751e+01
3.574648839077467954e+01
3.260260004492737806e+01
3.005536168971137911e+01
2.794702093886451166e+01
2.617164546051249019e+01
2.465525832322084199e+01
2.219991393727107365e+01
2.029625727509993283e+01
1.858395726083903199e+01
1.764592662118941391e+01
1.684836336804373857e+01
1.615056535086729994e+01
1.552176203743496963e+01
1.494437067453382362e+01
1.392060944773179365e+01
1.306117142651991969e+01
1.235015654148378061e+01
1.176282079911696776e+01
1.127025267075863191e+01
1.084430204642928253e+01
1.046321498108875403e+01
1.011432797626587643e+01
9.494607068077463907e+00
8.970033963850530867e+00
8.531807958348846199e+00
8.167080676196178501e+00
7.842211203525040197e+00
7.577966529379466465e+00
7.340335601217049089e+00
7.121426224096804702e+00
6.728643618559234874e+00
6.392056574007302316e+00
6.108205863373976641e+00
5.870219231605393162e+00
5.668374135812982217e+00
5.492105518967353106e+00
5.332833872810369691e+00
5.185527085385623458e+00
4.919931715552682050e+00
4.690746627885061137e+00
4.495729918800134506e+00
4.330426940261083324e+00
4.188673676289444536e+00
4.063883204378766933e+00
3.950736662573085312e+00
3.846072208716992957e+00
3.657492618471387402e+00
3.494316385724793861e+00
3.354343794232738318e+00
3.234333776896741952e+00
3.130279906026874226e+00
3.038107287786603550e+00
2.954559812588023693e+00
2.878787118735341100e+00
2.739096842224554518e+00
2.619186206499195535e+00
2.523897718823233660e+00
2.434855252466699316e+00
2.357803713325192785e+00
2.289961053140912028e+00
2.229022080839458297e+00
2.177546221751691657e+00
2.078679525686948804e+00
1.994644317709934001e+00
1.925989978849969031e+00
1.865429032683792787e+00
1.815721525206189568e+00
1.770751370921536116e+00
1.730724136473860808e+00
1.695666419778760092e+00
1.632249694174258359e+00
1.577317677944634067e+00
1.532082226797821800e+00
1.494379809692628180e+00
1.462791561433689047e+00
1.435637247609995892e+00
1.410965549976788580e+00
1.388745637692917700e+00
1.348696630746796243e+00
1.315014413310449104e+00
1.283464950051691034e+00
1.259669381132602961e+00
1.239627561038102899e+00
1.222242740127030158e+00
1.205053254686308195e+00
1.190562037500443093e+00
1.164048492026660275e+00
1.139641405198910995e+00
1.119649814801244370e+00
1.101757175930452526e+00
1.087115640598578459e+00
1.073560074274941378e+00
1.061823340900549528e+00
1.050366276099763851e+00
1.030011620055606869e+00
1.012067247054134755e+00
9.963283280542861720e-01
9.828156550000498592e-01
9.704969304564015076e-01
9.593668057298005980e-01
9.491320257122272119e-01
9.396022779587419604e-01
9.222645215376578109e-01
9.068595697967158920e-01
8.930549999474006739e-01
8.805615963707892346e-01
8.698113572694605722e-01
8.582545034563533459e-01
8.487764505429145068e-01
8.399693909363137312e-01
8.241462305661286791e-01
8.096279172197142771e-01
7.978877435385600680e-01
7.873390821007193452e-01
7.791364004543092081e-01
7.724373977867383667e-01
7.666767134767419334e-01
7.622501131850770717e-01
7.448546801783391125e-01
7.282944968979941924e-01
7.133789100991118071e-01
6.990451445083950555e-01
6.856614769085814798e-01
6.731287533677916546e-01
6.613613801554156790e-01
6.506112899659493021e-01
6.302472860717338587e-01
6.122390841263716244e-01
5.957026409197591077e-01
5.808830100417945452e-01
5.671142185861337559e-01
5.544619388148633865e-01
5.429541473958482412e-01
5.319617870187985931e-01
5.127798656257049892e-01
4.959493624505508791e-01
4.810280588065726781e-01
