2.271635376615706718e+02
1.923092080401451938e+02
1.678390946751794957e+02
1.495948306182166903e+02
1.354011649167548796e+02
1.240028112094020827e+02
1.067471620551318097e+02
9.422617691139383567e+01
8.467306009811417766e+01
7.711310816060607465e+01
7.096181826384001567e+01
6.584606155537994709e+01
6.151575054075813398e+01
5.779658374145450495e+01
5.172262360432920758e+01
4.695606188105307410e+01
4.310344948177819902e+01
3.991700961027007111e+01
3.723240706832685731e+01
3.493605924917770267e+01
3.294677715139728491e+01
3.120488180447252091e+01
2.829401069381544787e+01
2.595278112726971287e+01
2.402442800271289869e+01
2.240557388964906949e+01
2.102512100032809528e+01
1.983247159611218535e+01
1.879058113730030044e+01
1.787167111486065352e+01
1.632244640472907804e+01
1.506402101146230166e+01
1.401915222734287525e+01
1.313602840617237533e+01
1.233473265010764131e+01
1.168243842502275776e+01
1.110959708863792272e+01
1.060196294640585712e+01
9.740760071118863550e+00
9.035952877301935970e+00
8.446919797052709455e+00
7.946189027575147001e+00
7.514479966872974259e+00
7.137839231929582695e+00
6.805904643420406686e+00
6.510809569057378177e+00
6.008089512197090976e+00
5.594670564947022307e+00
5.247785149600278309e+00
4.951940841024763174e+00
4.696202271047377863e+00
4.472613439520369383e+00
4.275236817817211765e+00
4.099544099069290404e+00
3.799874736808073195e+00
3.553260810548605431e+00
3.346374253874017324e+00
3.170086021228548212e+00
3.017913710402007954e+00
2.885115204235266351e+00
2.768133724645841287e+00
2.665778305193791109e+00
2.486436161905886788e+00
2.339985169836857004e+00
2.226611542934235910e+00
2.121916729245420186e+00
2.031997009596099524e+00
1.953787345124395669e+00
1.885004539819022273e+00
1.828372104319111680e+00
1.723363978313519063e+00
1.636599474585894498e+00
1.565688348109870009e+00
1.501690720775003429e+00
1.452443050863825302e+00
1.390652799737423395e+00
1.335530274232261227e+00
1.288328934571876694e+00
1.206391237556605045e+00
1.136808166407723419e+00
1.077114494673969913e+00
1.023022149768129108e+00
9.734704727490717246e-01
9.285286803867970340e-01
8.877644813654894662e-01
8.526300505079770220e-01
7.941821890297848796e-01
7.476791239158985247e-01
7.026820853266132483e-01
6.654496611097536762e-01
6.310968860718313422e-01
5.999875173593426370e-01
5.700415366076151402e-01
5.466756977941702456e-01
5.088266042775180242e-01
4.773212890125460017e-01
4.515405520788419724e-01
4.270604920303445740e-01
4.058148994177046553e-01
3.859807286206965449e-01
3.697359280246609314e-01
3.553737254133934598e-01
3.335582863416032828e-01
3.169140436792339255e-01
3.030623705686577019e-01
2.912312221023876657e-01
2.805662513897791421e-01
2.714310512332935854e-01
2.638376425743065856e-01
2.576263675937577324e-01
2.482814712264817814e-01
2.415272110739087597e-01
2.363156558020564069e-01
2.321747974314956053e-01
2.290382929444588767e-01
2.260567050517811871e-01
2.238086979573418456e-01
2.217598526442551010e-01
2.178052910208368997e-01
2.132852607265874612e-01
2.082105130305660357e-01
2.040936613528899768e-01
2.093924989007000803e-01
2.140758700722333874e-01
2.184605194985373422e-01
2.220990646672107438e-01
2.283445372015284747e-01
2.332108430605708826e-01
2.368934409591956780e-01
2.398407808164098598e-01
2.420940708827454269e-01
2.437858594752724817e-01
2.450199124080195967e-01
2.458572279801024829e-01
2.467133415093496762e-01
2.467075222502463083e-01
2.460995365513951039e-01
2.450831412515594443e-01
2.437527894592380340e-01
2.422122170660324370e-01
2.405534697701332547e-01
2.387454434941294334e-01
2.350817538603162116e-01
2.313509117675850990e-01
2.276529791945023362e-01
