2.407985322419588314e+01
2.844399792944954086e+01
3.259077323469583121e+01
3.656510046385788115e+01
4.039751937111044100e+01
4.411001389854636301e+01
5.123754054401384650e+01
5.804137869595025023e+01
6.458271408315179940e+01
7.090427916113331719e+01
7.703738893998503556e+01
8.300584062284892184e+01
8.882824312706075887e+01
9.451949068136447352e+01
1.055550694213209795e+02
1.161876796717192661e+02
1.264716331472801727e+02
1.364479460961223083e+02
1.461486861086587510e+02
1.555996432452965053e+02
1.648220491428660353e+02
1.738337265001853496e+02
1.912836752792106267e+02
2.080488970510432978e+02
2.242068427556831693e+02
2.398198756201904871e+02
2.549394600022218071e+02
2.696088733911849431e+02
2.838650513464908158e+02
2.977398951030580179e+02
3.244535299774447026e+02
3.499353804654290911e+02
3.743326466180643024e+02
3.977646000886147135e+02
4.217130536593774650e+02
4.434467053167185213e+02
4.644693312917938783e+02
4.848400471427868297e+02
5.238237629808977545e+02
5.607351224464956658e+02
5.958377335055478170e+02
6.293426000993740672e+02
6.614219832099197447e+02
6.922188613666198762e+02
7.218535885420768636e+02
7.504287045165170866e+02
8.047416507272844228e+02
8.557369157016054260e+02
9.038643422440314907e+02
9.494820798594729467e+02
9.928810828729931472e+02
1.034301698197218684e+03
1.073945279496964076e+03
1.111982550614608272e+03
1.183803392779186424e+03
1.250717070477675634e+03
1.313455892452455373e+03
1.372596631326231545e+03
1.428602680651447145e+03
1.481852522617049317e+03
1.532659601742552923e+03
1.580542383768343825e+03
1.673545906116752121e+03
1.759917175216940450e+03
1.834727099205354762e+03
1.911251714880630516e+03
1.983735485192452188e+03
2.052718704814765260e+03
2.118636969368507380e+03
2.177072933568166718e+03
2.296825349624867613e+03
2.408630603753748346e+03
2.509877901741599999e+03
2.609619581988528353e+03
2.700871281040164831e+03
2.791497151025830590e+03
2.878218342255941479e+03
2.958268230543351820e+03
3.112524618358522275e+03
3.258772044233905945e+03
3.392709479807604112e+03
3.518244622994246129e+03
3.636171878108575584e+03
3.747147243055701892e+03
3.853717593036213202e+03
3.952274586903479758e+03
4.133337246454374508e+03
4.290843021240812050e+03
4.447492955748147324e+03
4.575211390876707810e+03
4.690639734027946361e+03
4.795199348819241095e+03
4.899134262888850571e+03
4.984713333761844297e+03
5.134152092214980257e+03
5.265357041422916154e+03
5.370810679758984406e+03
5.465177985704674938e+03
5.542482275615735489e+03
5.612976137051120531e+03
5.671811727370873996e+03
5.726454610310485805e+03
5.816761450761757260e+03
5.891080912383898976e+03
5.954143859147223338e+03
6.007864672911720845e+03
6.057068356878879968e+03
6.101849021626852846e+03
6.143283986201154221e+03
6.182144931388515033e+03
6.254236730716629609e+03
6.321067759285597276e+03
6.384293707929957236e+03
6.444887333283613771e+03
6.499924518248698405e+03
6.562399973352475172e+03
6.616514291265030806e+03
6.669463687206883151e+03
6.772314283255522241e+03
6.877713288683610699e+03
6.973715002273085702e+03
7.072679159572123353e+03
7.163224229708509483e+03
7.251460413147059626e+03
7.342877335098806725e+03
7.426880083562092295e+03
7.594460698424867587e+03
7.755185284187875368e+03
7.905235208000545754e+03
8.054612884677820148e+03
8.199070830935334016e+03
8.339052562740769645e+03
8.474933606033213437e+03
8.603085103930447076e+03
8.857225492300149199e+03
9.095554412048302765e+03
9.326832810604468250e+03
9.545179196233855691e+03
9.758258349810994332e+03
9.963443336021964569e+03
1.015846665159568147e+04
1.035275998717096627e+04
1.071217594868323613e+04
1.105102270976789441e+04
1.137185773336899729e+04
