8.397930983343400158e-01
8.397931061207017933e-01
8.397931258249169417e-01
8.397931672494358679e-01
8.397932436649391263e-01
8.397933715569827484e-01
8.397938599437821949e-01
8.397947998310506534e-01
8.397963515517403721e-01
8.397986346840369265e-01
8.398017026281117126e-01
8.398055286216958848e-01
8.398100023896155619e-01
8.398149347298513590e-01
8.398250835324034824e-01
8.398332957918910324e-01
8.398363752816351280e-01
8.398309567465567227e-01
8.398137707845059197e-01
8.397818249554660497e-01
8.397325136651545563e-01
8.396636725877186791e-01
8.394610061642353571e-01
8.391652524311368211e-01
8.387737000926520636e-01
8.382880692893266428e-01
8.377131414563692147e-01
8.370556192419655872e-01
8.363232513895439979e-01
8.355241983330827793e-01
8.337582614439611461e-01
8.318181596417772994e-01
8.297553526039962435e-01
8.276114449037450527e-01
8.252808864012521894e-01
8.230636882504356322e-01
8.208420465530608112e-01
8.186291607138613813e-01
8.142644106331999865e-01
8.100141730163343823e-01
8.058962110001175461e-01
8.019137570023104900e-01
7.980626960181922414e-01
7.943355941384737662e-01
7.907238865073367151e-01
7.872190119085331617e-01
7.804984673219337310e-01
7.741192101075284882e-01
7.680385174522115221e-01
7.622233800399840220e-01
7.566479140603235010e-01
7.512913040180251301e-01
7.461363357001999930e-01
7.411683951511207624e-01
7.317443305726811786e-01
7.229335983105613650e-01
7.146665069337103660e-01
7.068846865057878404e-01
6.995385191637097932e-01
6.925854516594256438e-01
6.859887607096624151e-01
6.798122413404996678e-01
6.679510890145365920e-01
6.571269497951561789e-01
6.479255733797799621e-01
6.387009972743271646e-01
6.301550280142294014e-01
6.222076518294841208e-01
6.147923474262739774e-01
6.083711284539532471e-01
5.956770394232933086e-01
5.844057439024510359e-01
5.746893439012978888e-01
5.655719100493001861e-01
5.576197973295506927e-01
5.500817569170521892e-01
5.431942103453764048e-01
5.371099084580635008e-01
5.260910479394169670e-01
5.164498696905468478e-01
5.082564175416166563e-01
5.010880935997477081e-01
4.947723345817678364e-01
4.891732055852173744e-01
4.840895336610344657e-01
4.796273988502832708e-01
4.719819099383073535e-01
4.658601014929786288e-01
4.602087658702487261e-01
4.558927385262450116e-01
4.521969778468246659e-01
4.490034387088712720e-01
4.459627707468314384e-01
4.435517341006800507e-01
4.395241715306212882e-01
4.361601415175186958e-01
4.335601603504528612e-01
4.313046930276982494e-01
4.295038938507786952e-01
4.278973905807674782e-01
4.265829014407813702e-01
4.253847425662797832e-01
4.234588656937035012e-01
4.219363449956290424e-01
4.207018256190053762e-01
