5.810531386158937721e+02
4.817608373795616217e+02
4.133668373742480640e+02
3.631735280961125341e+02
3.246481670168109304e+02
2.940731875805969366e+02
2.484662113275460626e+02
2.159433417751269531e+02
1.914910410636319398e+02
1.723849224889859784e+02
1.570121687740733876e+02
1.443547361210704878e+02
1.337370915102609672e+02
1.246926579303208769e+02
1.100800566417448039e+02
9.876009338150356598e+01
8.971233752887715696e+01
8.230195610627325209e+01
7.611250022398473902e+01
7.085899630608224697e+01
6.633960087467117717e+01
6.240719139108910696e+01
5.588995336117942969e+01
5.069971558093990183e+01
4.646133067095053804e+01
4.293012625443435581e+01
3.993943725015458313e+01
3.737164769873680115e+01
3.514128290502640084e+01
3.318466892331117890e+01
2.990980494968370706e+01
2.727368045604537272e+01
2.510303246141247868e+01
2.328252411166162261e+01
2.164298482363995291e+01
2.031773219060172053e+01
1.916145690346676744e+01
1.814315573798973702e+01
1.643050809713627203e+01
1.504427104089950262e+01
1.389755595290993284e+01
1.293201323222725385e+01
1.210696272853215483e+01
1.139315121271040354e+01
1.076898769826461866e+01
1.021817858456697081e+01
9.289216916832454984e+00
8.534708504911643345e+00
7.908619683644497300e+00
7.379947328771678805e+00
6.927020322370485594e+00
6.534217219783069908e+00
6.189981997774924416e+00
5.885575015652098507e+00
5.370754422855000598e+00
4.951194111973928003e+00
4.601995572428982051e+00
4.306333656290055600e+00
4.052411918622029319e+00
3.831703718582463392e+00
3.637885885690569143e+00
3.468698826672065305e+00
3.172961293994841725e+00
2.931919143537268013e+00
2.745483476359074970e+00
2.573409433913698141e+00
2.425714019788503872e+00
2.297394713169159886e+00
2.184750871088912749e+00
2.092252335979331690e+00
1.921767194332397954e+00
1.782610814839780122e+00
1.670746776355196195e+00
1.571858823255696924e+00
1.489956216103648146e+00
1.415727294804251635e+00
1.350569089925401922e+00
1.294965739916666747e+00
1.198510549131667435e+00
1.118117806786623092e+00
1.052356465936375329e+00
9.965013690989550366e-01
9.502703525376311466e-01
9.065265614687403328e-01
8.690037686885613288e-01
8.363857053916445849e-01
7.809613875846451725e-01
7.367476309758943520e-01
6.957955575548151472e-01
6.642498989614237237e-01
6.369176209151781176e-01
6.129588108166997840e-01
5.897557440742569046e-01
5.710137314041170420e-01
5.388295856038505249e-01
5.108513743796269102e-01
4.883286024133008385e-01
4.679866136037524882e-01
4.510902894498101112e-01
4.354300661417918605e-01
4.221352940564325196e-01
4.095826194696620681e-01
3.883873238126352989e-01
3.705750090863137447e-01
3.553152899291923683e-01
