9.636978074593347543e+00
1.162318712204697491e+01
1.354631253544706304e+01
1.541851472787620914e+01
1.724819974086565466e+01
1.904150643822516287e+01
2.253665281360597206e+01
2.593086301217400091e+01
2.924208863414760629e+01
3.248311432525632370e+01
3.566348222352898745e+01
3.879057083031064934e+01
4.187024560640781345e+01
4.490727396139857319e+01
5.086854629175809350e+01
5.669918279729355248e+01
6.241748114658612678e+01
6.803745228255542088e+01
7.357013300580631210e+01
7.902441425646905770e+01
8.440758965782258372e+01
8.972573335165333219e+01
1.001866655455087454e+02
1.104399972876911420e+02
1.205103928464880880e+02
1.304169738767342892e+02
1.401749422229125912e+02
1.497966468029161433e+02
1.592923095196179588e+02
1.686705330514624848e+02
1.871030601582422719e+02
2.051422557750904048e+02
2.228255584943865983e+02
2.401831877965851731e+02
2.582967917425800692e+02
2.750576066746640436e+02
2.915583927941063394e+02
3.078149825049658261e+02
3.396499346623510860e+02
3.706572803451961704e+02
4.009140421917575168e+02
4.304840708588731673e+02
4.594211489424795332e+02
4.877711804687933750e+02
5.155737911024425557e+02
5.428635286120780847e+02
5.960224939020964712e+02
6.474531112376569126e+02
6.973207788524011903e+02
7.457620175318661495e+02
7.928916664327874742e+02
8.388078551259155802e+02
8.835955402559793583e+02
9.273290877691911192e+02
1.011889405143960857e+03
1.092934849999750668e+03
1.170827890988957733e+03
1.245869171176270584e+03
1.318312148425843134e+03
1.388373371620240505e+03
1.456239937268149106e+03
1.521061243600197940e+03
1.649167010544292907e+03
1.770470191509788492e+03
1.877108474528241231e+03
1.987479909846754708e+03
2.093033390280383628e+03
2.194238348739993398e+03
2.291494532390525819e+03
2.378062831934623318e+03
2.556177603088372052e+03
2.722937102683368266e+03
2.874030988202747267e+03
3.022760893250766912e+03
3.158627358679866120e+03
3.293321788725240822e+03
3.421982077148365079e+03
3.540564905437318430e+03
3.768749458480311660e+03
3.985060742882862542e+03
4.183632592898127768e+03
4.370656603857292794e+03
4.547638011464997362e+03
4.715798655432983651e+03
4.879216318043694628e+03
5.032456632421793984e+03
5.320766342939451533e+03
5.580824188814077388e+03
5.850696112560915935e+03
6.081220780504155300e+03
6.299599015545741167e+03
6.507348142470730636e+03
6.725068440674796875e+03
6.914278680311120297e+03
7.271143351212051130e+03
7.619601705980414408e+03
7.930589134260135324e+03
8.238545369275787380e+03
8.516577559788463986e+03
8.794555693700562188e+03
9.047572014436138488e+03
9.302301347681510379e+03
9.771619668798650309e+03
1.020945935531668511e+04
1.062093064826850241e+04
