7.917195573541135900e-01
7.916500633327707703e-01
7.915507644814265831e-01
7.914191193425672566e-01
7.912534479878594595e-01
7.910527848550437113e-01
7.905454824165474292e-01
7.898995612145007783e-01
7.891225231015930319e-01
7.882249136447150306e-01
7.872187788174898060e-01
7.861165954499398367e-01
7.849305748996826537e-01
7.836722435787031316e-01
7.809801122237480797e-01
7.781130781074772074e-01
7.751286478107139999e-01
7.720711142623706280e-01
7.689741345231340119e-01
7.658630722539712110e-01
7.627569225681760656e-01
7.596698229387257584e-01
7.535917198594184185e-01
7.476823594610095824e-01
7.419681393982777706e-01
7.364595611453559343e-01
7.311578406804422059e-01
7.260588326364185718e-01
7.211553902716119069e-01
7.164387977734847368e-01
7.075283462867147932e-01
6.992519491780200269e-01
6.915387516967612669e-01
6.843253864923610763e-01
6.771468820729609206e-01
6.707972134185311575e-01
6.647994210163687967e-01
6.591176141220103091e-01
6.485813185792963509e-01
6.389838402062437694e-01
6.301681703114425659e-01
6.220121002198979454e-01
6.144192327677089338e-01
6.073125650064667980e-01
6.006298537585692543e-01
5.943202261363040861e-01
5.826591487513539391e-01
5.720687466077762906e-01
5.623617829929798972e-01
5.533994021328823010e-01
5.450757170832645215e-01
5.373079741488595573e-01
5.300300858467110743e-01
5.231882623588859360e-01
5.106418749656356226e-01
4.993893769605648458e-01
4.892247410217294146e-01
4.799901064246796523e-01
4.715608405050204510e-01
4.638361905055745638e-01
4.567331504225364824e-01
4.502806947442508090e-01
4.384255955455671483e-01
4.282215912596569751e-01
4.200080966937775884e-01
4.121973151054731943e-01
4.053365521138374561e-01
3.992762684704445064e-01
3.938947627061253343e-01
3.894427550348922296e-01
3.811872532653381995e-01
3.744245769497638321e-01
3.689772526247026008e-01
3.641399931537137036e-01
3.600934561760453789e-01
3.563611106004600515e-01
3.529953875501945504e-01
3.500186881603610800e-01
3.444825405455560485e-01
3.392773941538251847e-01
3.343739618453298590e-01
3.295360835104048647e-01
3.246881582757907836e-01
3.197905969582279795e-01
3.147284347261489756e-01
3.096936155248783962e-01
2.994446016233354158e-01
2.893474618746694205e-01
2.780851654899407777e-01
2.679187578775099610e-01
2.579118825839827878e-01
2.481350281411067726e-01
2.377104440980843947e-01
2.285761311718204070e-01
2.113872100926954545e-01
1.949708076139273771e-01
1.808967208005469729e-01
1.676962637950225599e-01
1.565340521850515643e-01
1.461772052732754901e-01
1.374973349061150429e-01
1.295054960337154171e-01
1.167727022839812889e-01
1.071829131201553764e-01
1.000770074329722092e-01
9.502984924927204702e-02
9.137449429110233723e-02
8.892420862488847888e-02
8.741560180646956724e-02
8.664174967702820140e-02
8.668271765421309283e-02
8.811978763367278589e-02
9.037731407315163779e-02
9.309668756193900663e-02
9.587000462713035631e-02
9.922359572502159608e-02
1.022188790001052894e-01
1.051774613650025003e-01
1.108853582531423854e-01
1.165713785426873983e-01
1.215571726951907294e-01
1.264935407297116399e-01
1.308350804145277380e-01
1.349155982805712028e-01
1.389987858082974981e-01
1.426315128704231938e-01
1.495710395633409462e-01
1.558832203982092324e-01
1.615055288689575264e-01
1.668656115300279907e-01
1.718400961858606024e-01
1.764760850391837721e-01
1.808117938733175833e-01
1.847593990736413616e-01
1.922050936360903961e-01
1.987561423981105690e-01
2.047456364191475586e-01
2.100931524165332576e-01
2.150456085228142911e-01
2.195842378198449296e-01
2.237033627887115017e-01
2.276312519389023237e-01
2.344738149809870720e-01
2.404710221202890352e-01
2.457883564550229494e-01
2.505492479586450827e-01
2.548477676305083151e-01
2.590433056456049599e-01
2.625974627089249225e-01
2.658694621648010070e-01
2.717084525237964954e-01
2.767858189179719375e-01
2.812599710961194432e-01
2.853908050252016437e-01
2.889606787966840784e-01
