9.616733754425800385e+01
8.061829253510093451e+01
6.981378198415850989e+01
6.183102224561100968e+01
5.567202420566986376e+01
5.076455904203833569e+01
4.341540430400170436e+01
3.815905324799133780e+01
3.420445736381188340e+01
3.111764717531979940e+01
2.863956294218823473e+01
2.660549118157506143e+01
2.490545963123546969e+01
2.346312685837782652e+01
2.114718328370603118e+01
1.936810215212116049e+01
1.795723706274702636e+01
1.680970996412434459e+01
1.585691243350297874e+01
1.505210892799797229e+01
1.436238802400354508e+01
1.376391887916135026e+01
1.277435273226736534e+01
1.198664392897452302e+01
1.134193881082254585e+01
1.080240709268202259e+01
1.034262574980825278e+01
9.944872464533716538e+00
9.596407894353566448e+00
9.287832312163404325e+00
8.763609637048144663e+00
8.332519174437265974e+00
7.969657571743018032e+00
7.658544222491602937e+00
7.372015284679833691e+00
7.135285074719734055e+00
6.924456237760011845e+00
6.735073410362564239e+00
6.407614321284814451e+00
6.133099244561283747e+00
5.898589237849943601e+00
5.695210832586594663e+00
5.516638064950758924e+00
5.358216772155569352e+00
5.216432459577478475e+00
5.088572655773957010e+00
4.866524909609221794e+00
4.679558430052016327e+00
4.519301954386490294e+00
4.379916336637594831e+00
4.257190193088444374e+00
4.148001866647028635e+00
4.049983879734513792e+00
3.961305401683886007e+00
3.806498239090566393e+00
3.675145542779724828e+00
3.561629439306955192e+00
3.462052303869306513e+00
3.373617872922543004e+00
3.294262944294034323e+00
3.222428412558058675e+00
3.157891797174977366e+00
3.040409739752815810e+00
2.939555546079740456e+00
2.857866139264644723e+00
2.779191305414022040e+00
2.708822769309477074e+00
2.645299757587979972e+00
2.587512091414414073e+00
2.538511188408482777e+00
2.444139148852150001e+00
2.362743825099833828e+00
2.294112699283202161e+00
2.230829316014593555e+00
2.176411527442707605e+00
2.125424367874755749e+00
2.079297984962845902e+00
2.038887787001796070e+00
1.966440682297197373e+00
1.903767573562706872e+00
1.850991198904830881e+00
1.805161687592431896e+00
1.765032373625664119e+00
1.729636487816617052e+00
1.697628954034142490e+00
1.669618545495524575e+00
1.621734711347637470e+00
1.583376142182994162e+00
1.547784348361070261e+00
1.520335419787321118e+00
1.496513008845596904e+00
1.475573008275809173e+00
1.455206315492841851e+00
1.438662338731537371e+00
1.409973071182668347e+00
1.384649229734290499e+00
1.363950961043912002e+00
1.345010295166286785e+00
1.329121397605635524e+00
1.314305579314573924e+00
1.301699962741671879e+00
1.289815618915926665e+00
1.269915111277116093e+00
1.253503671722513646e+00
1.239781945623318560e+00
1.228411529229611832e+00
1.218372624110972247e+00
1.209617515024650647e+00
1.201872034902149444e+00
1.194924350442717831e+00
1.182803778157618835e+00
1.172338910444584492e+00
1.162975624952625964e+00
1.154375571262920452e+00
1.146806802656011426e+00
1.138432798392542855e+00
1.131330485692113141e+00
1.124494858286058108e+00
1.111491447506598451e+00
1.098495596246532369e+00
1.086923465769972452e+00
1.075244910618638361e+00
1.064774634040320134e+00
1.054762427123260293e+00
1.044581997237664872e+00
1.035394666860059099e+00
1.017525306060093282e+00
1.000931704854227888e+00
9.858929787528899480e-01
9.713318412481267705e-01
9.576195850835587109e-01
9.446620458401199238e-01
9.323808090477713195e-01
9.210550326436238722e-01
8.992952008394393681e-01
8.796869775281012105e-01
8.613494938020034297e-01
8.446245017915037234e-01
8.288219581075888520e-01
8.140638141273200956e-01
8.004331050306959794e-01
7.872194557098497469e-01
7.636832201704099043e-01
7.425002968430304273e-01
7.232769718420151150e-01
7.057092756681234702e-01
6.895577118176436926e-01
6.735280695086898195e-01
6.597451543506049898e-01
6.468925570099562927e-01
6.235716341995896084e-01
6.028995618255882372e-01
5.843887055332823710e-01
5.670604316914626963e-01
5.519070503354681634e-01
