9.616733754425800385e+01
8.061829253510093451e+01
6.981378198415850989e+01
6.183102224561100968e+01
5.567202420566986376e+01
5.076455904203833569e+01
4.341540430400170436e+01
3.815905324799133780e+01
3.420445736381188340e+01
3.111764717531979940e+01
2.863956294218823473e+01
2.660549118157506143e+01
2.490545963123546969e+01
2.346312685837782652e+01
2.114718328370603118e+01
1.919187144263680622e+01
1.816679987557487053e+01
1.731763360271265384e+01
1.660062034599764047e+01
1.597061847387066358e+01
1.539471238101106643e+01
1.485688725327197268e+01
1.388562119121491278e+01
1.306191860839467189e+01
1.238275783160341526e+01
1.182783100603067261e+01
1.136726160858879631e+01
1.096978481120028270e+01
1.061145432377237796e+01
1.027942748734536771e+01
9.680698308072667402e+00
9.169211430958576159e+00
8.743035008175203515e+00
8.391785687190349563e+00
8.082158050438525976e+00
7.831153425444907334e+00
7.604196299193572983e+00
7.393049327175958751e+00
7.009249977756771166e+00
6.677808305696333768e+00
6.399256208813417501e+00
6.168167874792027661e+00
5.974381662538296389e+00
5.806022922014777876e+00
5.653397931502761153e+00
5.511067712939150098e+00
5.251421929605188055e+00
5.025871209063014433e+00
4.834854417208365618e+00
4.674936523813201461e+00
4.539634091767140056e+00
4.421363172742116987e+00
4.313903636666068131e+00
4.213709230538736250e+00
4.030974861089334560e+00
3.871677519684156632e+00
3.735626917552849147e+00
3.620375678152434773e+00
3.521707245898789918e+00
3.434825652683626718e+00
3.355822470767506616e+00
3.283530971593248360e+00
3.148377744304791559e+00
3.031102440580640156e+00
2.937861844974523517e+00
2.851178441369601302e+00
2.776553254496334056e+00
2.710822861875553436e+00
2.651365608396334839e+00
2.600621933197100777e+00
2.501672463452849549e+00
2.416275495391129624e+00
2.345861106145107122e+00
2.283293981356775415e+00
2.231514411220552496e+00
2.184210539183563338e+00
2.141686890388626807e+00
2.104134503415707069e+00
2.035561895023570322e+00
1.975462428402222859e+00
1.925286009068608362e+00
1.882751646456832129e+00
1.846465484329708362e+00
1.814837976950926191e+00
1.785940536071801032e+00
1.759948674291662130e+00
1.713340737137379222e+00
1.674193174790353789e+00
1.637220301027285885e+00
1.608910094807440627e+00
1.584709380967448622e+00
1.563549968947650637e+00
1.542679071828239046e+00
1.525243520201146064e+00
1.493747234417625247e+00
1.465000203089693143e+00
1.441436700324550069e+00
1.420234027272055499e+00
1.402795910896586395e+00
1.386642893990565284e+00
1.372723715018362656e+00
1.359236186538478774e+00
1.335504796152820361e+00
1.314738560800338796e+00
1.296583676775070249e+00
1.281031643980088841e+00
1.266898185344175198e+00
1.254186928147401403e+00
1.242559557896826927e+00
1.231785335817099591e+00
1.212286918055941909e+00
1.195047379320238967e+00
1.179661560246966667e+00
1.165789352517504041e+00
1.153881142901232115e+00
1.141072270155829571e+00
1.130518661222345456e+00
1.120633384843122471e+00
1.102559137000300504e+00
1.085380481520743512e+00
1.070697775471544544e+00
1.056321017451695932e+00
1.043718637881473787e+00
1.031897731869135137e+00
1.020133955867809972e+00
1.009772217103543035e+00
9.903724969035595516e-01
9.732488277308724012e-01
9.584732173938812494e-01
9.449267297593429982e-01
9.330097597558708600e-01
9.226431277013270593e-01
9.136881633420231852e-01
9.061791156289783489e-01
8.936932015879043290e-01
8.796869775281012105e-01
8.613494938020034297e-01
8.446245017915037234e-01
8.288219581075888520e-01
8.140638141273200956e-01
8.004331050306959794e-01
7.872194557098497469e-01
7.636832201704099043e-01
7.425002968430304273e-01
7.232769718420151150e-01
7.057092756681234702e-01
6.895577118176436926e-01
6.735280695086898195e-01
6.597451543506049898e-01
6.468925570099562927e-01
6.235716341995896084e-01
6.028995618255882372e-01
5.843887055332823710e-01
5.670604316914626963e-01
5.519070503354681634e-01
