1.959798855479001034e+01
2.338587288911562467e+01
2.701826931982149205e+01
3.052618369710458879e+01
3.393081948262894798e+01
3.724750677366362339e+01
4.366065300581377073e+01
4.983137571020655088e+01
5.580276315326206316e+01
6.160499113800596405e+01
6.726023687476211421e+01
7.278541421381220289e+01
7.819381068332056373e+01
8.349612276559712143e+01
9.381621067334236841e+01
1.038005993636811581e+02
1.134897392065139456e+02
1.229147810917687167e+02
1.321005568182328318e+02
1.410674059344541149e+02
1.498323536350279142e+02
1.584099031804820470e+02
1.750513723316417440e+02
1.910749181407394985e+02
2.065463458406282484e+02
2.215192566308748496e+02
2.360382586495580881e+02
2.501411072155983675e+02
2.638601958736112465e+02
2.772236326421756871e+02
3.029791614627595777e+02
3.275728758894907742e+02
3.511368454232888325e+02
3.737789421929676337e+02
3.969260776949768115e+02
4.179342125540973143e+02
4.382538423013261308e+02
4.579400332610725854e+02
4.955978907234465396e+02
5.312261588904062819e+02
5.650759005783526163e+02
5.973494878852851571e+02
6.282130351943366122e+02
6.578050018936883134e+02
6.862423223173590259e+02
7.136248830780640446e+02
7.655592729891997124e+02
8.141749106044899236e+02
8.599131934856923181e+02
9.031264033316696214e+02
9.441013851170235966e+02
9.830756290611832355e+02
1.020248549154728721e+03
1.055789612098977386e+03
1.122538807126197980e+03
1.184274207947881905e+03
1.241729942147653901e+03
1.295486658030918079e+03
1.346012724729298952e+03
1.393692127860224446e+03
1.438844001349618338e+03
1.481082662142656318e+03
1.562219755639570849e+03
1.636464276710460808e+03
1.699883589190897965e+03
1.763888760673149591e+03
1.823697484233020077e+03
1.879878763604336427e+03
1.932893922669483800e+03
1.979349559131236674e+03
2.072992681218037433e+03
2.158595833172538732e+03
2.234671449927454432e+03
2.308352447458363713e+03
2.374733086476362587e+03
2.439752222259769951e+03
2.501184950621659937e+03
2.557260970220631862e+03
2.663780748362967643e+03
2.763135524228208851e+03
2.852952558892623529e+03
2.936284674635462579e+03
3.013948145590595232e+03
3.086589576070993644e+03
3.156027874926644472e+03
3.220033362959215083e+03
3.337288432997233940e+03
3.439167246685560258e+03
3.540614515880823546e+03
3.623568422775596446e+03
3.698835142677487056e+03
3.767334881577588476e+03
3.835797038919542501e+03
3.892494991246870541e+03
3.992332677103382139e+03
4.080999659174232420e+03
4.153042930057272315e+03
4.218149313259711562e+03
4.271946643048608166e+03
4.321362930973420589e+03
4.362851556248858287e+03
4.401557739163575206e+03
4.465788603476908975e+03
4.518726513808428535e+03
4.563528660885740464e+03
4.601478896370360417e+03
4.635970267859474916e+03
4.667076789873744929e+03
4.695581740606319727e+03
4.722055942291454812e+03
4.770488910131683042e+03
4.814628734974617146e+03
4.855776848132083614e+03
4.894716430453731846e+03
4.929711222840357550e+03
4.969049572444679143e+03
5.002822821008096980e+03
5.035622050053557359e+03
5.098698738951526138e+03
5.162558717409797282e+03
5.220112099968091570e+03
5.278890829423691684e+03
5.332224748287578223e+03
5.383826842069398481e+03
5.436936125811493184e+03
5.485449076812114981e+03
5.581496780435729306e+03
5.672825277375429323e+03
5.757506480446862952e+03
5.841344663593262339e+03
5.922058095479728763e+03
5.999992128638294162e+03
6.075432514533728863e+03
6.146431993673764737e+03
6.286937959305813820e+03
6.418519673706625326e+03
6.546206069804794424e+03
6.666876671728765359e+03
6.784854341628506518e+03
6.898747600494414655e+03
7.007327165954521661e+03
7.115874291601321602e+03
7.317828014387620897e+03
7.509819401864941938e+03
7.693233935350833235e+03
7.869157052174447927e+03
8.038458618941531313e+03
8.214190188201226192e+03
8.371870825402100309e+03
8.524759972146421205e+03
8.817772038457629606e+03
9.095923328648032111e+03
9.361272827203689303e+03
9.625006954317534110e+03
9.868923462586522874e+03
