9.559850476767637417e+01
8.093398582411025188e+01
7.064067493154867350e+01
6.296875191889822787e+01
5.700289298807393834e+01
5.221487934736028791e+01
4.497518522641134098e+01
3.973373274847119063e+01
3.574648839077468665e+01
3.260260004492810282e+01
3.005536168971158872e+01
2.794702093886405692e+01
2.617164546051222374e+01
2.465525832321929656e+01
2.219991393727138984e+01
2.029625727509916544e+01
1.877617791573446127e+01
1.753368958855875448e+01
1.649853515498672962e+01
1.562225965219169410e+01
1.487035377232545663e+01
1.421757745804544193e+01
1.313837871184218820e+01
1.228032684940987096e+01
1.157926548814531920e+01
1.099366992811474475e+01
1.049552985096277702e+01
1.006529236172316111e+01
9.688906182169819914e+00
9.356017792533871003e+00
8.791356063184327496e+00
8.327817248527857430e+00
7.938234128621941998e+00
7.604693047892046032e+00
7.297970396075116994e+00
7.044950299824117579e+00
6.819964055331118935e+00
6.618184300641203777e+00
6.270108285391885694e+00
5.979208328630944536e+00
5.731404567935880934e+00
5.517031344748097865e+00
5.329199085712161832e+00
5.162845574661939274e+00
5.014156810939929265e+00
4.880197935903284545e+00
4.647741350029818364e+00
4.452050772295065073e+00
4.284216189377776374e+00
4.138068381198355183e+00
4.009186828478528142e+00
3.894312830925795943e+00
3.790986016719776863e+00
3.697310421405620051e+00
3.533267187730167791e+00
3.393491801004934416e+00
3.272207418274671209e+00
3.165408313495408521e+00
3.070219581788957708e+00
2.984518069044705069e+00
2.906697469485533425e+00
2.836583467033622519e+00
2.708458559028612544e+00
2.597969922243926089e+00
2.508157658675731039e+00
2.421417719087134213e+00
2.343668509195115046e+00
2.273384809627796432e+00
2.209404355977520940e+00
2.155153525289464689e+00
2.050805467583967978e+00
1.961151651555436581e+00
1.886010533868476280e+00
1.817276111425541352e+00
1.758743543068685744e+00
1.704513873421005909e+00
1.656077580597231425e+00
1.614218999001683086e+00
1.540784993279062265e+00
1.479256356173529463e+00
1.429154315000952469e+00
1.387095572748027861e+00
1.351489113159931144e+00
1.321100185069594701e+00
1.294483025687522160e+00
1.271880714030992232e+00
1.234737736041964018e+00
1.206279791848153149e+00
1.180763051354619675e+00
1.161524567137241837e+00
1.145011320571188485e+00
1.130533431620299956e+00
1.116390127389395914e+00
1.104792904709133383e+00
1.084309604557458950e+00
1.065715602573689136e+00
1.050117059116669083e+00
1.035536304650163109e+00
1.023104919557245696e+00
1.011378286210183219e+00
1.001321864526460326e+00
9.917927781810284005e-01
9.757736630284955526e-01
9.625358625933019274e-01
9.514559750741502508e-01
9.422563268943076054e-01
9.341020346756471193e-01
9.269459492400059508e-01
9.205615831714517583e-01
9.147761586552292101e-01
9.045072575075668864e-01
8.954201404005526221e-01
8.870965141541540255e-01
8.792911916940909789e-01
8.723032296134874963e-01
8.644556056202260530e-01
8.577153469425166099e-01
8.511642886561462396e-01
8.385564704629190347e-01
8.258024066591915791e-01
8.143467353606984593e-01
8.027153143501962740e-01
7.922443305531692292e-01
7.822069151259963826e-01
7.719884130777191489e-01
7.627655328735311047e-01
7.448546801790857375e-01
7.282944968975986200e-01
7.133789100996168475e-01
6.990451445074982173e-01
6.856614769086794015e-01
6.731287533674339407e-01
6.613613801555127125e-01
6.506112899659493021e-01
6.302472860712446945e-01
6.122390841264957473e-01
5.957026409196171102e-01
5.808830100413322484e-01
5.671142185864065377e-01
5.544619388148633865e-01
5.429541473958482412e-01
5.319617870186501563e-01
5.127798656264632715e-01
4.959493624505508791e-01
4.810280588066071505e-01
