9.559850476767637417e+01
8.093398582411025188e+01
7.064067493154867350e+01
6.296875191889822787e+01
5.700289298807393834e+01
5.221487934736028791e+01
4.497518522641134098e+01
3.973373274847119063e+01
3.574648839077468665e+01
3.260260004492810282e+01
3.005536168971158872e+01
2.794702093886405692e+01
2.617164546051222374e+01
2.465525832321929656e+01
2.219991393727138984e+01
2.029625727509916544e+01
1.858395726085308297e+01
1.764592662120808697e+01
1.684836336802083778e+01
1.615056535086361933e+01
1.552176203742203775e+01
1.494437067454513723e+01
1.392060944772862285e+01
1.306117142652583851e+01
1.235015654147814956e+01
1.176282079911697309e+01
1.127025267077467952e+01
1.084430204642362305e+01
1.046321498109561610e+01
1.011432797626458679e+01
9.494607068084951251e+00
8.970033963862800164e+00
8.531807958351793175e+00
8.167080676199901745e+00
7.842211203521057605e+00
7.577966529393979300e+00
7.340335601201195104e+00
7.121426224090320112e+00
6.728643618553114436e+00
6.392056574002991987e+00
6.108205863379525091e+00
5.870219231616863986e+00
5.668374135814405079e+00
5.492105518976038603e+00
5.332833872787310803e+00
5.185527085398147662e+00
4.919931715547783746e+00
4.690746627872601771e+00
4.495729918791957047e+00
4.330426940257149582e+00
4.188673676290075143e+00
4.063883204382690018e+00
3.950736662576759706e+00
3.846072208713295471e+00
3.657492618457987898e+00
3.494316385724881791e+00
3.354343794232737430e+00
3.234333776902815316e+00
3.130279906015707159e+00
3.038107287797175537e+00
2.954559812589105494e+00
2.878787118741159556e+00
2.739096842224554518e+00
2.619186206501063818e+00
2.523897718829027248e+00
2.434855252474284359e+00
2.357803713320459682e+00
2.289961053143690251e+00
2.229022080835405983e+00
2.177546221744260713e+00
2.078679525676828455e+00
1.994644317708346604e+00
1.925989978856188722e+00
1.865429032687740074e+00
1.815721525208368048e+00
1.770751370933479674e+00
1.730724136473021479e+00
1.695666419778175227e+00
1.632249694174859433e+00
1.577317677945233365e+00
1.532082226799035496e+00
1.494379809697178985e+00
1.462791561443106625e+00
1.435637247620444867e+00
1.410965549971656241e+00
1.388745637698030722e+00
1.348696630748053016e+00
1.315014413308394081e+00
1.283464950055075660e+00
1.259669381138476707e+00
1.239627561048411986e+00
1.222242740130927929e+00
1.205053254692460385e+00
1.190562037506084803e+00
1.164048492022173198e+00
1.139641405194764312e+00
1.119649814809410504e+00
1.101757175933101740e+00
1.087115640613026235e+00
1.073560074271038056e+00
1.061823340904106461e+00
1.050366276100788143e+00
1.030011620062598388e+00
1.012067247042472085e+00
9.963283280579128265e-01
9.828156549963252830e-01
9.704969304593462631e-01
9.593668057213365907e-01
9.491320257107336289e-01
9.396022779553245829e-01
9.222645215312585965e-01
9.068595697951750134e-01
8.930549999543260231e-01
8.805615963707904559e-01
8.698113572663069837e-01
8.582545034656665628e-01
8.487764505384381986e-01
8.399693909302027306e-01
8.241462305585161019e-01
8.096279172226602538e-01
7.978877435418341157e-01
7.873390821109561566e-01
7.791364004531253773e-01
7.724373977834237959e-01
7.666767134834485686e-01
7.622501131839711785e-01
7.448546801790857375e-01
7.282944968975986200e-01
7.133789100996168475e-01
6.990451445074982173e-01
6.856614769086794015e-01
6.731287533674339407e-01
6.613613801555127125e-01
6.506112899659493021e-01
6.302472860712446945e-01
6.122390841264957473e-01
5.957026409196171102e-01
5.808830100413322484e-01
5.671142185864065377e-01
5.544619388148633865e-01
5.429541473958482412e-01
5.319617870186501563e-01
5.127798656264632715e-01
4.959493624505508791e-01
4.810280588066071505e-01
