2.271635376615675739e+02
1.923092080401461885e+02
1.678390946751795241e+02
1.495948306182169460e+02
1.354011649167538280e+02
1.240028112094034185e+02
1.067471620551320797e+02
9.422617691139348040e+01
8.467306009811551348e+01
7.711310816060539253e+01
7.096181826384051305e+01
6.584606155537993288e+01
6.151575054075941296e+01
5.779658374145443389e+01
5.172262360432993944e+01
4.695606188105415413e+01
4.310344948177881008e+01
3.991700961026988637e+01
3.723240706832861946e+01
3.493605924917733319e+01
3.294677715139703622e+01
3.120488180447310000e+01
2.829401069381423994e+01
2.595278112727033459e+01
2.402442800271235157e+01
2.240557388964970542e+01
2.102512100032861042e+01
1.983247159611191890e+01
1.879058113729931279e+01
1.787167111486019166e+01
1.632244640472949726e+01
1.506402101146235140e+01
1.401915222734239030e+01
1.313602840617351397e+01
1.233473265010832165e+01
1.168243842502207919e+01
1.110959708863823181e+01
1.060196294640674886e+01
9.740760071119691332e+00
9.035952877301697939e+00
8.446919797051636536e+00
7.946189027575631059e+00
7.514479966873430783e+00
7.137839231928815309e+00
6.805904643420059408e+00
6.510809569056931423e+00
6.008089512197281934e+00
5.594670564946386371e+00
5.247785149600628252e+00
4.951940841024926598e+00
4.696202271047806853e+00
4.472613439520015000e+00
4.275236817817259727e+00
4.099544099069342806e+00
3.799874736807961284e+00
3.553260810548856785e+00
3.346374253874067062e+00
3.170086021228568640e+00
3.017913710402084781e+00
2.885115204235296549e+00
2.768133724646034022e+00
2.665778305193687636e+00
2.486436161905976938e+00
2.339985169836950707e+00
2.226611542934060939e+00
2.121916729245586719e+00
2.031997009596009818e+00
1.953787345124198938e+00
1.885004539819082670e+00
1.828372104318994662e+00
1.723363978313729783e+00
1.636599474586165170e+00
1.565688348110046091e+00
1.501690720774782717e+00
1.452443050867694208e+00
1.390652799742713164e+00
1.335530274227667791e+00
1.288328934572387396e+00
1.206391237560654917e+00
1.136808166407299314e+00
1.077114494673188094e+00
1.023022149768893163e+00
9.734704727568461724e-01
9.285286803935554056e-01
8.877644813622603825e-01
8.526300505165800292e-01
7.941821890292277697e-01
7.476791239190806460e-01
7.026820853296574798e-01
6.654496611117056704e-01
6.310968860759645915e-01
5.999875173580053733e-01
5.700415366126322381e-01
5.466756977957309971e-01
5.088266042725854144e-01
4.773212890108089468e-01
4.515405520849247734e-01
4.270604920322766396e-01
4.058148994239827445e-01
3.859807286192929454e-01
3.697359280284508443e-01
3.553737254154121783e-01
3.335582863463061876e-01
3.169140436779632752e-01
3.030623705697607639e-01
2.912312221051024941e-01
2.805662513891279963e-01
2.714310512316390200e-01
2.638376425746218334e-01
2.576263675928205932e-01
2.482814712261721957e-01
2.415272110741920608e-01
2.363156558079843872e-01
2.321747974314958829e-01
2.290382929449571170e-01
2.260567050555453428e-01
2.238086979542162069e-01
2.217598526426417249e-01
2.178052910194547831e-01
2.132852607273635626e-01
2.082105130302028817e-01
2.040936613527642718e-01
2.093924989009143256e-01
2.140758700722333874e-01
2.184605194987949972e-01
2.220990646669506741e-01
2.283445372017937347e-01
2.332108430604083738e-01
2.368934409594694868e-01
2.398407808161370502e-01
2.420940708826422871e-01
2.437858594751089458e-01
2.450199124081227642e-01
2.458572279801024829e-01
2.467133415092231108e-01
2.467075222501692311e-01
2.460995365512119171e-01
2.450831412514254681e-01
2.437527894591152988e-01
2.422122170660324370e-01
2.405534697701332547e-01
2.387454434938916237e-01
2.350817538604422496e-01
2.313509117675850990e-01
2.276529791945711978e-01
