2.407985322419607499e+01
2.844399792944935257e+01
3.259077323469585963e+01
3.656510046385785273e+01
4.039751937111045521e+01
4.411001389854581589e+01
5.123754054401357649e+01
5.804137869595066235e+01
6.458271408315087569e+01
7.090427916113375773e+01
7.703738893998448134e+01
8.300584062284907816e+01
8.882824312705918146e+01
9.451949068136514143e+01
1.055550694213194731e+02
1.161876796717173050e+02
1.264716331472783679e+02
1.364479460961227915e+02
1.461486861086527824e+02
1.555996432452984379e+02
1.648220491428658931e+02
1.738337265001824221e+02
1.912836752792187838e+02
2.080488970510394040e+02
2.242068427556891379e+02
2.398198756201836659e+02
2.549394600022145596e+02
2.696088733911852273e+02
2.838650513465069594e+02
2.977398951030670560e+02
3.244535299774348687e+02
3.499353804654297164e+02
3.743326466180716352e+02
3.977646000885821991e+02
4.217130536593497254e+02
4.434467053167417134e+02
4.644693312917756884e+02
4.848400471427687535e+02
5.238237629808531892e+02
5.607351224465031692e+02
5.958377335055885169e+02
6.293426000993271145e+02
6.614219832098704046e+02
6.922188613666844503e+02
7.218535885421031253e+02
7.504287045165403924e+02
8.047416507272522495e+02
8.557369157017027419e+02
9.038643422439560027e+02
9.494820798594332700e+02
9.928810828729375544e+02
1.034301698197291216e+03
1.073945279496931789e+03
1.111982550614572801e+03
1.183803392779173919e+03
1.250717070477664493e+03
1.313455892452407625e+03
1.372596631326103534e+03
1.428602680651251831e+03
1.481852522616899250e+03
1.532659601742303721e+03
1.580542383768367699e+03
1.673545906116731430e+03
1.759917175216782653e+03
1.834727099205543936e+03
1.911251714880431791e+03
1.983735485192642273e+03
2.052718704814811190e+03
2.118636969368496011e+03
2.177072933568189910e+03
2.296825349624833052e+03
2.408630603752960724e+03
2.509877901741590904e+03
2.609619581989126345e+03
2.700871281039282167e+03
2.791497151026455413e+03
2.878218342255984680e+03
2.958268230543057598e+03
3.112524618359638680e+03
3.258772044234380701e+03
3.392709479807182561e+03
3.518244622994389829e+03
3.636171878109447334e+03
3.747147243055648687e+03
3.853717593037575170e+03
3.952274586904715306e+03
4.133337246453698754e+03
4.290843021239988957e+03
4.447492955746124608e+03
4.575211390875853795e+03
4.690639734026646693e+03
4.795199348819241095e+03
4.899134262890200262e+03
4.984713333762525508e+03
5.134152092217233076e+03
5.265357041423655573e+03
5.370810679759603772e+03
5.465177985706500294e+03
5.542482275616305742e+03
5.612976137052755803e+03
5.671811727369373330e+03
5.726454610311015131e+03
5.816761450763492576e+03
5.891080912379419715e+03
5.954143859147223338e+03
6.007864672910429363e+03
6.057068356880644387e+03
6.101849021626852846e+03
6.143283986202365668e+03
6.182144931388196710e+03
6.254236730716629609e+03
6.321067759281880171e+03
6.384293707928075492e+03
6.444887333284701526e+03
6.499924518248848472e+03
6.562399973350982691e+03
6.616514291264231360e+03
6.669463687207771727e+03
6.772314283254691873e+03
6.877713288687507884e+03
6.973715002278609973e+03
7.072679159577789505e+03
7.163224229703738274e+03
7.251460413147059626e+03
7.342877335091371606e+03
7.426880083569585622e+03
7.594460698417218737e+03
7.755185284192132713e+03
7.905235207994788652e+03
8.054612884688093800e+03
8.199070830934429978e+03
8.339052562745271644e+03
8.474933606031812815e+03
8.603085103930447076e+03
8.857225492306835804e+03
9.095554412046865764e+03
9.326832810607136707e+03
9.545179196241213504e+03
9.758258349807318154e+03
9.963443336021964569e+03
1.015846665159568147e+04
1.035275998717473522e+04
1.071217594866866057e+04
1.105102270976789441e+04
1.137185773336782586e+04
