9.145333210264361412e-01
9.135882548777285450e-01
9.124187447996252587e-01
9.110412968694987512e-01
9.094735270899008128e-01
9.077332672097977451e-01
9.038047483548652394e-01
8.993873125322089379e-01
8.945979432612922722e-01
8.895374753250333555e-01
8.842909547904724832e-01
8.789289239970266010e-01
8.735090918360235435e-01
8.680780889697761182e-01
8.573236216061239645e-01
8.468767220048007971e-01
8.368610548623500733e-01
8.273417670594831463e-01
8.183457083650118591e-01
8.098752077583384335e-01
8.019173365097813644e-01
7.944500803976701775e-01
7.808769935758590464e-01
7.689214344553256808e-01
7.583529915971674029e-01
7.489639948610538056e-01
7.405746412932892042e-01
7.330323860357452759e-01
7.262091419333067677e-01
7.199978800325368411e-01
7.090689502764320196e-01
6.996938943057422478e-01
6.914857700134504626e-01
6.841701866749474448e-01
6.771558728813964478e-01
6.711183209854389986e-01
6.655211386165404974e-01
6.602864654458642235e-01
6.506819279347837437e-01
6.419750761344076295e-01
6.339614205390518009e-01
6.265073541986794226e-01
6.195210975918783447e-01
6.129365544630829277e-01
6.067040290152334592e-01
6.007847128754164601e-01
5.897658878346945244e-01
5.796863025971532579e-01
5.704033541497679494e-01
5.618065113154813162e-01
5.538072477255511217e-01
5.463331114828946511e-01
5.393238959223509710e-01
5.327289890652195936e-01
5.206165333081500535e-01
5.097202622434835462e-01
4.998335455058935395e-01
4.907977650537063141e-01
4.824886775896501945e-01
4.748072122378772519e-01
4.676731065217012429e-01
4.611209478376281368e-01
4.488599018410681651e-01
4.380099354813182799e-01
4.290177770393199808e-01
4.201968005764200598e-01
4.121815217624771321e-01
4.048487031704155470e-01
3.980995997781207052e-01
3.923180937668035995e-01
3.810250131875392299e-01
3.710986034123919808e-01
3.625685945688132961e-01
3.545436935637127362e-01
3.474924577935212255e-01
3.407310857106864432e-01
3.344584641878896036e-01
3.288181132995902090e-01
3.182881282809262302e-01
3.086325030113385992e-01
2.999985493178769502e-01
2.920396792424071464e-01
2.846481207233892974e-01
2.777449897808565993e-01
2.711479813057309229e-01
2.650643861450703298e-01
2.539072547698566495e-01
2.442040313366078408e-01
2.345504442397015055e-01
2.266852235225371714e-01
2.195956512229315649e-01
2.132075058688229774e-01
2.069145224207176170e-01
2.018002253298902815e-01
1.931066780674512984e-01
1.858803524612540059e-01
1.805211215056345964e-01
1.762388467527102875e-01
1.732431634634821194e-01
1.710575407593211139e-01
1.697508388287900516e-01
1.690670207145075210e-01
1.693656775735377096e-01
1.713044515634720710e-01
1.744106193674070937e-01
1.782330656026118731e-01
1.827092285577123221e-01
1.875582318140232019e-01
1.926342810204317857e-01
1.978275226644257145e-01
2.082544169591642458e-01
2.183926682052259594e-01
2.279940323673486091e-01
2.369281362054920237e-01
2.446565940150691176e-01
2.528603125837207699e-01
2.594122526778761539e-01
2.652923871334280648e-01
2.751702554547392765e-01
2.831958713627500401e-01
2.887419919763516418e-01
2.928209160506298758e-01
2.952142557303005788e-01
2.964266173924272607e-01
2.966286421980015575e-01
2.959639816444763483e-01
2.925413123540465676e-01
2.870987441184524869e-01
2.805334576536893110e-01
2.729125787637798339e-01
2.647783313937424055e-01
2.563859812332509591e-01
2.479186343203139131e-01
2.397598817898085599e-01
2.234291326527966248e-01
2.083166601774735227e-01
1.941387586378766628e-01
1.813664903219773805e-01
1.695752428515220345e-01
1.589009603053739283e-01
1.493958843365135181e-01
1.405517867734147330e-01
1.258072202915911930e-01
1.137374386714782304e-01
1.038223845907850773e-01
9.564260992090112268e-02
8.886457373577627550e-02
8.283122652858310175e-02
7.818374240724779156e-02
7.428776360376332377e-02
6.825574778767418138e-02
6.397152284472440442e-02
6.093354217654223248e-02
5.873749176490150603e-02
5.730813993559991104e-02
5.638759054704678420e-02
5.586018333823972171e-02
5.564116217425407740e-02
5.590243407928596753e-02
5.680990232474414370e-02
5.817958196200834209e-02
5.982317555950089627e-02
6.171008342892037035e-02
6.370566045043801751e-02
6.579922253243353225e-02
6.800015988696372915e-02
7.246695902639999076e-02
7.701467887875423912e-02
8.126848042047640774e-02
8.585901804536888449e-02
8.992715359960357091e-02
9.427143614760780110e-02
9.809577296613269937e-02
1.021629997410968826e-01
1.095281473552063289e-01
1.163939196507897123e-01
1.227987649963324657e-01
1.287834071802649305e-01
1.343869599790536995e-01
1.396454104906865723e-01
1.445911862002162707e-01
1.492532099825325531e-01
1.576323254898284176e-01
1.653610315201490266e-01
1.723602624188629306e-01
1.787389729607866684e-01
1.845848135063761219e-01
1.899690763655144110e-01
