8.519309275003303128e+01
7.021292928143212464e+01
6.022676631942648839e+01
5.313370240300640290e+01
4.786597293489136717e+01
4.382218591381934658e+01
3.807675439607500323e+01
3.424597446133581258e+01
3.154842060371791135e+01
2.956758580083277366e+01
2.806235543626925732e+01
2.688447273846513141e+01
2.593851104966657672e+01
2.516081213922164750e+01
2.394838523229329397e+01
2.302925889375597635e+01
2.228880318435060204e+01
2.166315998406506793e+01
2.111512331551643840e+01
2.062219331723016325e+01
2.017030956964477539e+01
1.975041203901470510e+01
1.898440394301865553e+01
1.829490722763969757e+01
1.766648157814432807e+01
1.708974617832535259e+01
1.655820633986041202e+01
1.606688217511812056e+01
1.561168480434500516e+01
1.518911616125899577e+01
1.442996344307580969e+01
1.376878149060947010e+01
1.318904815514890139e+01
1.267742485683424469e+01
1.219639035065471155e+01
1.179331876269049673e+01
1.143111760642394259e+01
1.110393104945596043e+01
1.053604577910973283e+01
1.005980326752796827e+01
9.654125707319005656e+00
9.303814799772080590e+00
8.997691028662019974e+00
8.727377818600112747e+00
8.486491277151330337e+00
8.270089717163182641e+00
7.896013015531864632e+00
7.582522659928962128e+00
7.314680926106197134e+00
7.082220957209035106e+00
6.877840941935692065e+00
6.696193892823922411e+00
6.533264749305262242e+00
6.385972446813388714e+00
6.129154832632380590e+00
5.911688132797722872e+00
5.724240489576438051e+00
5.560332443537926217e+00
5.415301365139108647e+00
5.285692499403152667e+00
5.168882980367893509e+00
5.064422801848373012e+00
4.875625130791024553e+00
4.715170164384755225e+00
4.586458608815697779e+00
4.463665829308330224e+00
4.354883010735750126e+00
4.257580838234100717e+00
4.169836724031097397e+00
4.096029472980545094e+00
3.955462536221199255e+00
3.835920767978731938e+00
3.736340957714628708e+00
3.645477588213716480e+00
3.568039362121478320e+00
3.496020303862722223e+00
3.431265209484794632e+00
3.374798757912896630e+00
3.274012502019691517e+00
3.187022799106807192e+00
3.113640835673109120e+00
3.049590512542383447e+00
2.993061644583383085e+00
2.942692669876933564e+00
2.896596081953368262e+00
2.855716252623014650e+00
2.784351254224951333e+00
2.725498357850988373e+00
2.669254453188988130e+00
2.624655051459631849e+00
2.585019204058753406e+00
2.549447583811310203e+00
2.514199276560481255e+00
2.485110901896051772e+00
2.433759132199428077e+00
2.387531420843417074e+00
2.349112043059691235e+00
2.313367331418220374e+00
2.282818807453816046e+00
2.253704635739866902e+00
2.228289592997108493e+00
2.203608937667051126e+00
2.160101968536757955e+00
2.121286703522458961e+00
2.085912398026331882e+00
2.053908749539826051e+00
2.023106522359597204e+00
1.993930139161353532e+00
1.966096435218832372e+00
1.939405641417042414e+00
1.888924376856491838e+00
1.841760292937300036e+00
1.797517218032038233e+00
1.755956079306475015e+00
1.719221560275334681e+00
1.678945912167857601e+00
1.645427636769675850e+00
1.613941852661219478e+00
1.556629228194672754e+00
1.503194787736815252e+00
1.459054490606463306e+00
1.417819682252381197e+00
1.383620360871782751e+00
1.353274826860666469e+00
1.324669088218553892e+00
1.300692866075902066e+00
1.258648626113725744e+00
1.224445496903631136e+00
1.196919128942003807e+00
1.172965822816810721e+00
1.152488937833150429e+00
1.134726965043942881e+00
1.119116329943880661e+00
1.105634300092668276e+00
1.081795035656861304e+00
1.062220122782093767e+00
1.045241786358761971e+00
1.030706905957720965e+00
1.017710838086008263e+00
1.006166804591471120e+00
9.959842935862355251e-01
9.865359160145337203e-01
9.707041830340374933e-01
9.575200705567546988e-01
9.464068065028236054e-01
9.369400764762092493e-01
9.287986283210326599e-01
9.212300320115373031e-01
9.151109433948315663e-01
9.097121004944316303e-01
9.006188404317153617e-01
8.932429208384768948e-01
8.871149826444327813e-01
8.817305160521492491e-01
8.772593104224089000e-01
8.733284448262013111e-01
8.698230183359316747e-01
8.666575534331845132e-01
8.610040121872714058e-01
8.562154065658804658e-01
8.518749528383017244e-01
8.479990548594118493e-01
8.443365016906719811e-01
8.409561503177860331e-01
8.377377508518770721e-01
8.345873150191669421e-01
8.286311940030723910e-01
8.228890492757723329e-01
8.176432727025291225e-01
8.120123901376017361e-01
8.069918683143749716e-01
8.015582077202648703e-01
7.966891437861280956e-01
7.914040513121380904e-01
7.815075507491385798e-01
7.718562268353642564e-01
7.624479705214052272e-01
7.532832935120706841e-01
7.443623595408206395e-01
7.356840064141476621e-01
7.272455890721214455e-01
7.190431396300057676e-01
7.036890823701927866e-01
6.888254431663269894e-01
6.747830102067003955e-01
6.615056157515912805e-01
6.489382231384969169e-01
6.370284484546387960e-01
