5.000000000000000000e+05
4.000000000000000000e+05
3.333333333333333139e+05
2.857142857142856810e+05
2.500000000000000000e+05
2.222222222222222190e+05
1.818181818181818235e+05
1.538461538461538439e+05
1.333333333333333430e+05
1.176470588235294126e+05
1.052631578947368398e+05
9.523809523809523671e+04
8.695652173913043225e+04
8.000000000000000000e+04
6.896551724137930432e+04
6.060606060606060782e+04
5.405405405405406054e+04
4.878048780487805197e+04
4.444444444444444525e+04
4.081632653061224119e+04
3.773584905660377262e+04
3.508771929824561084e+04
3.076923076923076951e+04
2.739726027397260259e+04
2.469135802469135524e+04
2.247191011235955011e+04
2.061855670103092780e+04
1.904761904761904952e+04
1.769911504424778832e+04
1.652892561983471023e+04
1.459854014598540016e+04
1.307189542483660080e+04
1.183431952662721778e+04
1.081081081081081174e+04
9.900990099009901314e+03
9.174311926605505505e+03
8.547008547008548703e+03
8.000000000000000000e+03
7.092198581560283856e+03
6.369426751592356595e+03
5.780346820809248129e+03
5.291005291005290928e+03
4.878048780487804834e+03
4.524886877828054821e+03
4.219409282700421500e+03
3.952569169960474028e+03
3.508771929824561539e+03
3.154574132492113677e+03
2.865329512893982610e+03
2.624671916010498535e+03
2.421307506053268753e+03
2.247191011235955102e+03
2.096436058700209742e+03
1.964636542239685468e+03
1.745200698080279153e+03
1.569858712715855745e+03
1.426533523537803148e+03
1.307189542483660034e+03
1.206272617611580245e+03
1.119820828667413252e+03
1.044932079414838199e+03
9.803921568627450824e+02
8.695652173913043725e+02
7.812500000000000000e+02
7.142857142857143344e+02
6.535947712418300171e+02
6.024096385542169401e+02
5.586592178770948749e+02
5.208333333333333712e+02
4.901960784313725412e+02
4.347826086956521863e+02
3.906250000000000000e+02
3.558718861209964643e+02
3.257328990228012913e+02
3.012048192771084700e+02
2.793296089385474374e+02
2.604166666666666856e+02
2.444987775061124466e+02
2.173913043478260931e+02
1.953125000000000000e+02
1.776198934280639321e+02
1.628664495114006456e+02
1.503759398496240465e+02
1.396648044692737187e+02
1.302083333333333428e+02
1.221001221001221069e+02
1.085776330076004399e+02
9.803921568627450256e+01
8.849557522123893705e+01
8.130081300813007772e+01
7.518796992481202324e+01
6.993006993006993355e+01
6.493506493506492916e+01
6.097560975609756184e+01
5.434782608695652328e+01
4.878048780487804947e+01
4.444444444444444997e+01
4.065040650406503886e+01
3.759398496240601162e+01
3.484320557491289350e+01
3.257328990228013055e+01
3.048780487804878092e+01
2.710027100271002709e+01
2.439024390243902474e+01
2.217294900221729392e+01
2.036659877800407159e+01
1.879699248120300581e+01
1.745200698080279267e+01
1.628664495114006527e+01
1.526717557251908275e+01
1.356852103120759878e+01
1.221001221001220927e+01
1.109877913429522778e+01
1.017293997965411911e+01
9.433962264150943966e+00
8.695652173913043015e+00
8.130081300813007061e+00
7.633587786259541375e+00
6.802721088435374597e+00
6.097560975609756184e+00
5.555555555555556246e+00
5.076142131979695549e+00
4.694835680751173967e+00
4.366812227074235331e+00
4.065040650406503531e+00
3.816793893129770687e+00
3.389830508474576121e+00
3.048780487804878092e+00
2.777777777777778123e+00
2.544529262086513643e+00
2.347417840375586984e+00
2.178649237472766842e+00
2.032520325203251765e+00
1.908396946564885344e+00
1.694915254237288060e+00
1.526717557251908497e+00
1.386962552011095529e+00
1.272264631043256822e+00
1.173708920187793492e+00
1.089324618736383421e+00
1.017293997965412089e+00
9.523809523809523281e-01
8.474576271186440302e-01
7.633587786259542485e-01
6.944444444444445308e-01
6.369426751592356384e-01
5.882352941176469674e-01
5.434782608695651884e-01
5.076142131979695105e-01
4.761904761904761640e-01
4.237288135593220151e-01
3.816793893129771242e-01
3.472222222222222654e-01
3.174603174603174982e-01
2.932551319648093457e-01
2.724795640326975743e-01
2.544529262086513977e-01
2.386634844868735228e-01
2.118644067796610075e-01
1.908396946564885621e-01
1.733102253032928752e-01
1.589825119236883966e-01
1.466275659824046729e-01
1.362397820163487872e-01
1.272264631043256988e-01
1.191895113230035663e-01
1.059322033898305038e-01
9.523809523809524669e-02
8.695652173913043237e-02
7.936507936507937455e-02
7.352941176470587092e-02
6.802721088435374763e-02
6.369426751592356661e-02
5.952380952380952051e-02
5.291005291005291405e-02
4.761904761904762334e-02
4.329004329004328827e-02
3.968253968253968728e-02
3.663003663003662480e-02
3.401360544217687382e-02
3.174603174603174427e-02
2.976190476190476025e-02
2.652519893899204367e-02
2.386634844868735020e-02
2.169197396963123622e-02
1.988071570576540811e-02
1.834862385321101019e-02
1.703577512776831629e-02
