2.000000000000000000e+00
2.500000000000000000e+00
3.000000000000000000e+00
3.500000000000000000e+00
4.000000000000000000e+00
4.500000000000000000e+00
5.500000000000000000e+00
6.500000000000000000e+00
7.500000000000000000e+00
8.500000000000000000e+00
9.500000000000000000e+00
1.050000000000000000e+01
1.150000000000000000e+01
1.250000000000000000e+01
1.450000000000000000e+01
1.650000000000000000e+01
1.850000000000000000e+01
2.050000000000000000e+01
2.250000000000000000e+01
2.450000000000000000e+01
2.650000000000000000e+01
2.850000000000000000e+01
3.250000000000000000e+01
3.650000000000000000e+01
4.050000000000000000e+01
4.450000000000000000e+01
4.850000000000000000e+01
5.250000000000000000e+01
5.650000000000000000e+01
6.050000000000000000e+01
6.850000000000000000e+01
7.650000000000000000e+01
8.450000000000000000e+01
9.250000000000000000e+01
1.010000000000000000e+02
1.090000000000000000e+02
1.170000000000000000e+02
1.250000000000000000e+02
1.410000000000000000e+02
1.570000000000000000e+02
1.730000000000000000e+02
1.890000000000000000e+02
2.050000000000000000e+02
2.210000000000000000e+02
2.370000000000000000e+02
2.530000000000000000e+02
2.850000000000000000e+02
3.170000000000000000e+02
3.490000000000000000e+02
3.810000000000000000e+02
4.130000000000000000e+02
4.450000000000000000e+02
4.770000000000000000e+02
5.090000000000000000e+02
5.730000000000000000e+02
6.370000000000000000e+02
7.010000000000000000e+02
7.650000000000000000e+02
8.290000000000000000e+02
8.930000000000000000e+02
9.570000000000000000e+02
1.020000000000000000e+03
1.150000000000000000e+03
1.280000000000000000e+03
1.400000000000000000e+03
1.530000000000000000e+03
1.660000000000000000e+03
1.790000000000000000e+03
1.920000000000000000e+03
2.040000000000000000e+03
2.300000000000000000e+03
2.560000000000000000e+03
2.810000000000000000e+03
3.070000000000000000e+03
3.320000000000000000e+03
3.580000000000000000e+03
3.840000000000000000e+03
4.090000000000000000e+03
4.600000000000000000e+03
5.120000000000000000e+03
5.630000000000000000e+03
6.140000000000000000e+03
6.650000000000000000e+03
7.160000000000000000e+03
7.680000000000000000e+03
8.190000000000000000e+03
9.210000000000000000e+03
1.020000000000000000e+04
1.130000000000000000e+04
1.230000000000000000e+04
1.330000000000000000e+04
1.430000000000000000e+04
1.540000000000000000e+04
1.640000000000000000e+04
1.840000000000000000e+04
2.050000000000000000e+04
2.250000000000000000e+04
2.460000000000000000e+04
2.660000000000000000e+04
2.870000000000000000e+04
3.070000000000000000e+04
3.280000000000000000e+04
3.690000000000000000e+04
4.100000000000000000e+04
4.510000000000000000e+04
4.910000000000000000e+04
5.320000000000000000e+04
5.730000000000000000e+04
6.140000000000000000e+04
6.550000000000000000e+04
7.370000000000000000e+04
8.190000000000000000e+04
9.010000000000000000e+04
9.830000000000000000e+04
1.060000000000000000e+05
1.150000000000000000e+05
1.230000000000000000e+05
1.310000000000000000e+05
1.470000000000000000e+05
1.640000000000000000e+05
1.800000000000000000e+05
1.970000000000000000e+05
2.130000000000000000e+05
2.290000000000000000e+05
2.460000000000000000e+05
2.620000000000000000e+05
2.950000000000000000e+05
3.280000000000000000e+05
3.600000000000000000e+05
3.930000000000000000e+05
4.260000000000000000e+05
4.590000000000000000e+05
4.920000000000000000e+05
5.240000000000000000e+05
5.900000000000000000e+05
6.550000000000000000e+05
7.210000000000000000e+05
7.860000000000000000e+05
8.520000000000000000e+05
9.180000000000000000e+05
9.830000000000000000e+05
1.050000000000000000e+06
1.180000000000000000e+06
1.310000000000000000e+06
1.440000000000000000e+06
1.570000000000000000e+06
1.700000000000000000e+06
1.840000000000000000e+06
1.970000000000000000e+06
2.100000000000000000e+06
2.360000000000000000e+06
2.620000000000000000e+06
2.880000000000000000e+06
3.150000000000000000e+06
3.410000000000000000e+06
3.670000000000000000e+06
3.930000000000000000e+06
4.190000000000000000e+06
4.720000000000000000e+06
5.240000000000000000e+06
5.770000000000000000e+06
6.290000000000000000e+06
6.820000000000000000e+06
7.340000000000000000e+06
7.860000000000000000e+06
8.390000000000000000e+06
9.440000000000000000e+06
1.050000000000000000e+07
1.150000000000000000e+07
1.260000000000000000e+07
1.360000000000000000e+07
1.470000000000000000e+07
1.570000000000000000e+07
1.680000000000000000e+07
1.890000000000000000e+07
2.100000000000000000e+07
2.310000000000000000e+07
2.520000000000000000e+07
2.730000000000000000e+07
2.940000000000000000e+07
3.150000000000000000e+07
3.360000000000000000e+07
3.770000000000000000e+07
4.190000000000000000e+07
4.610000000000000000e+07
5.030000000000000000e+07
5.450000000000000000e+07
5.870000000000000000e+07
