7.464100981826575776e-01
7.464004689967431716e-01
7.463842940159501893e-01
7.463597710774170224e-01
7.463251761900284720e-01
7.462789104961888853e-01
7.461457800481205993e-01
7.459510413771610615e-01
7.456883538063010519e-01
7.453541862967689724e-01
7.449474091022985078e-01
7.444688080436812072e-01
7.439206097709352150e-01
7.433060632665835499e-01
7.418940322459484094e-01
7.402677776766566353e-01
7.384634041129984894e-01
7.365149458811792726e-01
7.344529713209198007e-01
7.323041433472532447e-01
7.300912773844565606e-01
7.278336359601702554e-01
7.232456642117952583e-01
7.186382432798126274e-01
7.140768664821237621e-01
7.096038773227704155e-01
7.052454352572894436e-01
7.010165262302123779e-01
6.969245091678715198e-01
6.929716045461447038e-01
6.854762147072719358e-01
6.784993354035506741e-01
6.719959389201477507e-01
6.659182843920703476e-01
6.598765111269671024e-01
6.545382303308571181e-01
6.495005685627219805e-01
6.447320272780885375e-01
6.358966123034548446e-01
6.278541325597544187e-01
6.204702285873935352e-01
6.136421098871949198e-01
6.072898864402347385e-01
6.013504380832728202e-01
5.957730937928573667e-01
5.905165655645134848e-01
5.808351125299751061e-01
5.720933886178514172e-01
5.641366135591425746e-01
5.568480612977566580e-01
5.501371042421610014e-01
5.439316671097458311e-01
5.381732658914870626e-01
5.328136303503612226e-01
5.231350922136499548e-01
5.146390965739442436e-01
5.071335673048480430e-01
5.004700376219801683e-01
4.945306498599819633e-01
4.892198068319970616e-01
4.844585870228570457e-01
4.802442949506939840e-01
4.728083260950057820e-01
4.667698465295160304e-01
4.621888613447140415e-01
4.580940420762544818e-01
4.547310683502132633e-01
4.519594410094640580e-01
4.496657933054564182e-01
4.478927077287551128e-01
4.449057441352550768e-01
4.427257252213934180e-01
4.410895769081406570e-01
4.396481833743024481e-01
4.383672878855406907e-01
4.370377309601849447e-01
4.356361637264711817e-01
4.341732718279871506e-01
4.307284026690041401e-01
4.264971955467160569e-01
4.216360007866057913e-01
4.161210795271017560e-01
4.100294360873562027e-01
4.034478050771213020e-01
3.963230121441227993e-01
3.890131677448067649e-01
3.737333322559663884e-01
3.584516248798905735e-01
3.413868048476871309e-01
3.260846033723225901e-01
3.111787010995783476e-01
2.967972431390819565e-01
2.816819894219690923e-01
2.686340887181444259e-01
2.445989934406469501e-01
2.222958203108618136e-01
2.036970709626046983e-01
1.867057728466079425e-01
1.726948986803904518e-01
1.600040494398626834e-01
1.496136598196358136e-01
1.402627996082230766e-01
1.258571994499391167e-01
1.155092698110706806e-01
1.082408108467518559e-01
1.034078664413300430e-01
1.002183331052606263e-01
9.839245970454157941e-02
9.760648666207316637e-02
9.761373504531434264e-02
9.929663428184198892e-02
1.023951158668410244e-01
1.062833408594485718e-01
1.105824575994631687e-01
1.147861846220052939e-01
1.197444102188569559e-01
1.241053717693318958e-01
1.283734790700066242e-01
1.365365016241355534e-01
1.446004451437943317e-01
1.516175447285377231e-01
1.585046351765697636e-01
1.644989134845502576e-01
1.700668388722874624e-01
1.755630515843904504e-01
1.803810616353018759e-01
1.893730805534801220e-01
1.972871860819225276e-01
2.041100253476599846e-01
2.104108512024254196e-01
2.160795634246710506e-01
2.212086490486626644e-01
2.258729433060011615e-01
2.300100248489798105e-01
2.375344308784406167e-01
2.438603979714457637e-01
2.494081528608376175e-01
2.541733465124025315e-01
2.584293160034007997e-01
2.621969151265943765e-01
2.655058747082534865e-01
2.685625783627756391e-01
2.736543082648381642e-01
2.778683698057307083e-01
2.814053442924659976e-01
