9.559850476767175564e+01
8.093398582410857500e+01
7.064067493154973931e+01
6.296875191889863999e+01
5.700289298806992377e+01
5.221487934735891656e+01
4.497518522640983463e+01
3.973373274847259751e+01
3.574648839077467954e+01
3.260260004492737806e+01
3.005536168971137911e+01
2.794702093886451166e+01
2.617164546051249019e+01
2.465525832322084199e+01
2.219991393727107365e+01
2.029625727509993283e+01
1.877617791573419481e+01
1.753368958855857329e+01
1.649853515498694634e+01
1.562225965219209023e+01
1.487035377232445832e+01
1.421757745804538686e+01
1.313837871184274775e+01
1.228032684941011077e+01
1.157926548814591605e+01
1.099366992811443211e+01
1.049552985096222812e+01
1.006529236172246655e+01
9.688906182170594406e+00
9.356017792534366606e+00
8.791356063183869196e+00
8.327817248528049277e+00
7.938234128621595609e+00
7.604693047891580626e+00
7.297970396074344279e+00
7.044950299824350282e+00
6.819964055330586028e+00
6.618184300641963169e+00
6.270108285391352787e+00
5.979208328630810421e+00
5.731404567935370231e+00
5.517031344747497457e+00
5.329199085711585404e+00
5.162845574662251913e+00
5.014156810939949693e+00
4.880197935903051842e+00
4.647741350029562568e+00
4.452050772295570447e+00
4.284216189377294981e+00
4.138068381198124257e+00
4.009186828478522813e+00
3.894312830926017099e+00
3.790986016719563256e+00
3.697310421405406888e+00
3.533267187729954628e+00
3.393491801005148911e+00
3.272207418274475810e+00
3.165408313494822767e+00
3.070219581788194763e+00
2.984518069044140187e+00
2.906697469484811780e+00
2.836583467033605643e+00
2.708458559028636081e+00
2.597969922243589025e+00
2.508157658676040569e+00
2.421417719086834897e+00
2.343668509195429461e+00
2.273384809627717384e+00
2.209404355977550249e+00
2.155153525289407401e+00
2.050805467584089214e+00
1.961151651554578379e+00
1.886010533868606620e+00
1.817276111426056273e+00
1.758743543068396864e+00
1.704513873421357628e+00
1.656077580597373977e+00
1.614218999001608479e+00
1.540784993279696424e+00
1.479256356173846543e+00
1.429154315000750852e+00
1.387095572748175965e+00
1.351489113160276867e+00
1.321100185069554955e+00
1.294483025687999111e+00
1.271880714031501158e+00
1.234737736041829237e+00
1.206279791847952421e+00
1.180763051354082771e+00
1.161524567137049768e+00
1.145011320570904267e+00
1.130533431620299956e+00
1.116390127389721432e+00
1.104792904709291701e+00
1.084309604557903928e+00
1.065715602573843235e+00
1.050117059116804530e+00
1.035536304650499284e+00
1.023104919557344061e+00
1.011378286210479205e+00
1.001321864526192984e+00
9.917927781811211041e-01
9.757736630287847657e-01
9.625358625925641842e-01
9.514559750741502508e-01
9.422563268940920000e-01
9.341020346759282278e-01
9.269459492400059508e-01
9.205615831716477127e-01
9.147761586551729218e-01
9.045072575075668864e-01
8.954201404000221576e-01
8.870965141538776910e-01
8.792911916942260930e-01
8.723032296135134755e-01
8.644556056200295435e-01
8.577153469424109167e-01
8.511642886562642563e-01
8.385564704628138966e-01
8.258024066596593160e-01
8.143467353613429438e-01
8.027153143508406474e-01
7.922443305526448709e-01
7.822069151259963826e-01
7.719884130769401054e-01
7.627655328742974916e-01
7.448546801783391125e-01
7.282944968979941924e-01
7.133789100991118071e-01
6.990451445083950555e-01
6.856614769085814798e-01
6.731287533677916546e-01
6.613613801554156790e-01
6.506112899659493021e-01
6.302472860717338587e-01
6.122390841263716244e-01
5.957026409197591077e-01
5.808830100417945452e-01
5.671142185861337559e-01
5.544619388148633865e-01
5.429541473958482412e-01
5.319617870187985931e-01
5.127798656257049892e-01
4.959493624505508791e-01
4.810280588065726781e-01
