2.271635376615675739e+02
1.923092080401461885e+02
1.678390946751795241e+02
1.495948306182169460e+02
1.354011649167538280e+02
1.240028112094034185e+02
1.067471620551320797e+02
9.422617691139348040e+01
8.467306009811551348e+01
7.711310816060539253e+01
7.096181826384051305e+01
6.584606155537993288e+01
6.151575054075941296e+01
5.779658374145443389e+01
5.172262360432993944e+01
4.695606188105415413e+01
4.310344948177881008e+01
3.991700961026988637e+01
3.723240706832861946e+01
3.493605924917733319e+01
3.294677715139703622e+01
3.120488180447310000e+01
2.829401069381423994e+01
2.595278112727033459e+01
2.402442800271235157e+01
2.240557388964970542e+01
2.102512100032861042e+01
1.983247159611191890e+01
1.879058113729931279e+01
1.787167111486019166e+01
1.632244640472949726e+01
1.506402101146235140e+01
1.401915222734239030e+01
1.313602840617351397e+01
1.233473265010832165e+01
1.168243842502207919e+01
1.110959708863823181e+01
1.060196294640674886e+01
9.740760071119691332e+00
9.035952877301697939e+00
8.446919797051636536e+00
7.946189027575631059e+00
7.514479966873430783e+00
7.137839231928815309e+00
6.805904643420059408e+00
6.510809569056931423e+00
6.008089512197281934e+00
5.594670564946386371e+00
5.247785149600628252e+00
4.951940841024926598e+00
4.696202271047806853e+00
4.472613439520015000e+00
4.275236817817259727e+00
4.099544099069342806e+00
3.799874736807961284e+00
3.553260810548856785e+00
3.346374253874067062e+00
3.170086021228568640e+00
3.017913710402084781e+00
2.885115204235296549e+00
2.768133724646034022e+00
2.665778305193687636e+00
2.486436161905976938e+00
2.339985169836950707e+00
2.226611542934060939e+00
2.121916729245586719e+00
2.031997009596009818e+00
1.953787345124198938e+00
1.885004539819082670e+00
1.828372104318994662e+00
1.723363978313729783e+00
1.636599474586165170e+00
1.565688348110046091e+00
1.501690720774782717e+00
1.447377743075063394e+00
1.396788310735625593e+00
1.351013124088723316e+00
1.310698888731730793e+00
1.237298647302491172e+00
1.171803115642125137e+00
1.114459928013801671e+00
1.062468434265589234e+00
1.014824450624264740e+00
9.708103422762371926e-01
9.291212390911339769e-01
8.909505421560331984e-01
8.214765247203029697e-01
7.614192761406172183e-01
7.017775840656265141e-01
6.530870125897463296e-01
6.089692617977895406e-01
5.688896486631787042e-01
5.289405098550228335e-01
4.959822223279543585e-01
4.383957489450215350e-01
3.880282897101796080e-01
3.479587550192022594e-01
3.127162537493713979e-01
2.845503298868473641e-01
2.596846650567988246e-01
2.397535158755986218e-01
2.221218639743599843e-01
1.954596659789882562e-01
1.765860506975292232e-01
1.633476796037157119e-01
1.544136673143384486e-01
1.482756388512637413e-01
1.444154046003350567e-01
1.422568475135159993e-01
1.413734745045147345e-01
1.422356458213927255e-01
1.452759859299953826e-01
1.494917753228711954e-01
1.542899996373756355e-01
1.590081317719588549e-01
1.645440631002307030e-01
1.693575201789344065e-01
1.740009135106994620e-01
1.826552820521334108e-01
1.908646646956849990e-01
1.976970729523680192e-01
2.040936613527642718e-01
2.093924989009143256e-01
2.140758700722333874e-01
2.184605194987949972e-01
2.220990646669506741e-01
2.283445372017937347e-01
2.332108430604083738e-01
2.368934409594694868e-01
2.398407808161370502e-01
2.420940708826422871e-01
2.437858594751089458e-01
2.450199124081227642e-01
2.458572279801024829e-01
2.467133415092231108e-01
2.467075222501692311e-01
2.460995365512119171e-01
2.450831412514254681e-01
2.437527894591152988e-01
2.422122170660324370e-01
2.405534697701332547e-01
2.387454434938916237e-01
2.350817538604422496e-01
2.313509117675850990e-01
2.276529791945711978e-01
