8.519309275003502080e+01
7.021292928143718370e+01
6.022676631943042480e+01
5.313370240301351544e+01
4.786597293489506910e+01
4.382218591382083872e+01
3.807675439607386636e+01
3.424597446133247303e+01
3.154842060372231671e+01
2.956758580083298327e+01
2.806235543626961260e+01
2.688447273846766450e+01
2.593851104966549670e+01
2.516081213922090498e+01
2.394838523229465821e+01
2.302925889375780244e+01
2.228880318435388119e+01
2.166315998406891197e+01
2.111512331551550758e+01
2.062219331723118287e+01
2.017030956964477539e+01
1.975041203901379205e+01
1.898440394301838552e+01
1.829490722763943467e+01
1.766648157814432807e+01
1.708974617832486942e+01
1.655820633986015622e+01
1.606688217511812056e+01
1.561168480434393935e+01
1.518911616125838471e+01
1.442996344307604950e+01
1.376878149060855172e+01
1.318904815514787643e+01
1.267742485683461950e+01
1.219639035065377364e+01
1.179331876269077917e+01
1.143111760642392838e+01
1.110393104945482001e+01
1.053604577910971152e+01
1.005980326752771425e+01
9.654125707318973681e+00
9.303814799772622379e+00
8.997691028662725188e+00
8.727377818600340120e+00
8.486491277150859602e+00
8.270089717163177312e+00
7.896013015532277635e+00
7.582522659928745412e+00
7.314680926107003600e+00
7.082220957209035106e+00
6.877840941935308372e+00
6.696193892824676475e+00
6.533264749304890984e+00
6.385972446813388714e+00
6.129154832632030647e+00
5.911688132797028317e+00
5.724240489576414070e+00
5.560332443538558600e+00
5.415301365139433720e+00
5.285692499402795619e+00
5.168882980368797675e+00
5.064422801848704303e+00
4.875625130790994355e+00
4.715170164385261486e+00
4.586458608815897620e+00
4.463665829308092192e+00
4.354883010735730586e+00
4.257580838234119369e+00
4.169836724030843378e+00
4.096029472980021069e+00
3.955462536222039915e+00
3.835920767978295842e+00
3.736340957714721522e+00
3.645477588214593556e+00
3.568039362122027658e+00
3.496020303862772405e+00
3.431265209484983369e+00
3.374798757912842007e+00
3.274012502020119619e+00
3.187022799106917326e+00
3.113640835672923490e+00
3.049590512542263543e+00
2.993061644583157044e+00
2.942692669877050804e+00
2.896596081953609847e+00
2.855716252622851226e+00
2.784351254225006400e+00
2.725498357851361853e+00
2.669254453189355392e+00
2.624655051459369837e+00
2.585019204058687237e+00
2.549447583810685369e+00
2.514199276559909713e+00
2.485110901896257385e+00
2.433759132199289965e+00
2.387531420843085783e+00
2.349112043059229382e+00
2.313367331418556549e+00
2.282818807453187215e+00
2.253704635740074735e+00
2.228289592997032109e+00
2.203608937667802969e+00
2.160101968536520367e+00
2.121286703522153427e+00
2.085912398026331882e+00
2.053908749540098722e+00
2.023106522359137127e+00
1.993930139161353532e+00
1.966096435219052418e+00
1.939405641416966475e+00
1.888924376855689147e+00
1.841760292937876464e+00
1.797517218032121722e+00
1.755956079306371098e+00
1.719221560275043581e+00
1.678945912167746357e+00
1.645427636768944213e+00
1.613941852660658594e+00
1.556629228193805892e+00
1.503194787736547022e+00
1.459054490606587429e+00
1.417819682252122293e+00
1.383620360871406163e+00
1.353274826860725089e+00
1.324669088218911828e+00
1.300692866076358145e+00
1.258648626113439750e+00
1.224445496903726172e+00
1.196919128941506205e+00
1.172965822816315562e+00
1.152488937832626181e+00
1.134726965043602265e+00
1.119116329943976362e+00
1.105634300092416478e+00
1.081795035656763160e+00
1.062220122781809772e+00
1.045241786358425351e+00
1.030706905957822883e+00
1.017710838086036462e+00
1.006166804591076325e+00
9.959842935859477553e-01
9.865359160145935613e-01
9.707041830340277233e-01
9.575200705569723025e-01
9.464068065024990872e-01
9.369400764764128642e-01
9.287986283213560679e-01
9.212300320113467889e-01
9.151109433948315663e-01
9.097121004940180722e-01
9.006188404317565510e-01
8.932429208384385921e-01
8.871149826448360143e-01
8.817305160524799845e-01
8.772593104221074745e-01
8.733284448261389166e-01
8.698230183358739431e-01
8.666575534335786424e-01
8.610040121877347019e-01
8.562154065666590652e-01
8.518749528386890812e-01
8.479990548597975408e-01
8.443365016910282517e-01
8.409561503174158847e-01
8.377377508518977223e-01
8.345873150187701484e-01
8.286311940027009104e-01
8.228890492757738873e-01
8.176432727025286784e-01
8.120123901368527797e-01
8.069918683147175864e-01
8.015582077199141509e-01
7.966891437864903613e-01
7.914040513110262021e-01
7.815075507491657802e-01
7.718562268356662370e-01
7.624479705207117819e-01
7.532832935107435235e-01
7.443623595407748983e-01
7.356840064128582490e-01
7.272455890720683769e-01
7.190431396307153111e-01
7.036890823720534094e-01
6.888254431672743427e-01
6.747830102066325608e-01
6.615056157533266701e-01
6.489382231375346866e-01
6.370284484558729199e-01
