6.307648967215162656e+02
5.140978146953873420e+02
4.350172712094865233e+02
3.777653403270857666e+02
3.343415206360410821e+02
3.002432057623304331e+02
2.500710363259900930e+02
2.148819057138618120e+02
1.888055746759899591e+02
1.686909123825732024e+02
1.526923990320258611e+02
1.396563854061568293e+02
1.288242284330879102e+02
1.196763758765776089e+02
1.050622330418210737e+02
9.389207417248525189e+01
8.506567839180107171e+01
7.790759301916746438e+01
7.198005063363135037e+01
6.698676173362281361e+01
6.271994307517561396e+01
5.902949615783416704e+01
5.296000778934314468e+01
4.816910111207753431e+01
4.428535898532769721e+01
4.106913427853467624e+01
3.835871539509485473e+01
3.604094604854017092e+01
3.403423271521808147e+01
3.227823589396491144e+01
2.934650788050062786e+01
2.699066417160868170e+01
2.505097991461261486e+01
2.342228352009113834e+01
2.195226858073807819e+01
2.076054282091311975e+01
1.971725580961673074e+01
1.879501917377594111e+01
1.723467603947004889e+01
1.596095155568680291e+01
1.489820842520544097e+01
1.399576721459035866e+01
1.321830017909235266e+01
1.254036601719684718e+01
1.194313766846448033e+01
1.141235766122479767e+01
1.050845134843828177e+01
9.765389467788340383e+00
9.142078724020107572e+00
8.610567073929782822e+00
8.151126067023733768e+00
7.749402959356801901e+00
7.394687903535687390e+00
7.078815459340184191e+00
6.539566949927729134e+00
6.095027545661858781e+00
5.721247882210392710e+00
5.401864636182130752e+00
5.125291084124816265e+00
4.883076283866521372e+00
4.668900693077248754e+00
4.480762309572723368e+00
4.149099449628392833e+00
3.875964958174678010e+00
3.662842352540595758e+00
3.464584765214647533e+00
3.293134508215155964e+00
3.143134427410751996e+00
3.010586647212686096e+00
2.901076698621510630e+00
2.697449797662500259e+00
2.529215590043006223e+00
2.392355029768788111e+00
2.269898552607032105e+00
2.167212253908283426e+00
2.072963291311709977e+00
1.989135828238698389e+00
1.916656285333617094e+00
1.788455892489089205e+00
1.678686547754146607e+00
1.586470309224218944e+00
1.506113636731777561e+00
1.435212442296623703e+00
1.372015618448769736e+00
1.314156540052269895e+00
1.262844233241500636e+00
1.173388294134853460e+00
1.099975727294318029e+00
1.030490222084356366e+00
9.761875524279264305e-01
9.288099165151380010e-01
8.872466158966401117e-01
8.472113987863050255e-01
8.152379089032329995e-01
7.617424012276029499e-01
7.176216902437186906e-01
6.845658668408122205e-01
6.572995681818095681e-01
6.370259364414739833e-01
6.205696524018462501e-01
6.086537719331889251e-01
5.993694521792504171e-01
5.886242725593856528e-01
5.849928734736995484e-01
5.862039480007517067e-01
5.905388413395792346e-01
5.971147213468771531e-01
6.050512689764245833e-01
6.137671589993346499e-01
6.228421999223427985e-01
6.409423000101824863e-01
6.578264838653751223e-01
6.738586454568639139e-01
6.658042029702521125e-01
6.588918568132130504e-01
6.511533988621552860e-01
6.442874586091698053e-01
6.373280326522072770e-01
6.232632311522599000e-01
6.085569674793809281e-01
5.951702445928244156e-01
5.813970155405886464e-01
5.688011737751423880e-01
5.566004802912630778e-01
5.441869442829023740e-01
5.331097526676457088e-01
5.121157206600164269e-01
4.930939188704643317e-01
4.758151726248731617e-01
4.587391445760135578e-01
4.423790001578717379e-01
4.270038932555709210e-01
4.129091892497493421e-01
4.005698082154913742e-01
3.787571633896198442e-01
3.605896041002766839e-01
3.439705594286648904e-01
3.286261788049201771e-01
3.139672905389743196e-01
3.004986239458508068e-01
2.886597996530099186e-01
2.779931540482870611e-01
2.610368990710860149e-01
2.473609298244743293e-01
2.354457406518351559e-01
2.245432111854751278e-01
2.144949780267389750e-01
2.047888428494956947e-01
1.969647837093616571e-01
1.902821026255006320e-01
1.797225171064957550e-01
1.716394895143732724e-01
1.649256211326307620e-01
1.588247009447947278e-01
1.536276024217536618e-01
1.491092027123323838e-01
1.452822558447422474e-01
1.420862882074063471e-01
1.370093341164566880e-01
1.330426671635006886e-01
1.292441979087324277e-01
1.252774946942253054e-01
1.207476488972911016e-01
1.158008085485194988e-01
1.104524662167619964e-01
1.046889193372096544e-01
9.473330060036594391e-02
1.000369719708193161e-01
1.049479596905610879e-01
1.101825520620441090e-01
1.147577403672391111e-01
1.195709883138430935e-01
1.237415150836965461e-01
1.281039349505480596e-01
1.357980942608079111e-01
1.427130774090910048e-01
1.489215848245541707e-01
1.544967872202167858e-01
1.595071618457081231e-01
1.640146712636449677e-01
1.680744489470232250e-01
1.717351421054644500e-01
1.778896516211555534e-01
1.830569201209477637e-01
1.872914683153912019e-01
1.907650425169002129e-01
1.936126980816900434e-01
1.959416684134123177e-01
