8.855620984267442708e+00
1.086684212533852367e+01
1.284453363177343199e+01
1.479413180214090318e+01
1.671925074147345924e+01
1.862241393011951018e+01
2.236972352380663054e+01
2.604594028538539163e+01
2.965707460110205673e+01
3.320712275309927008e+01
3.669897535742969552e+01
4.013489715490695886e+01
4.351679224080688613e+01
4.684635430188397009e+01
5.335467914893668961e+01
5.967165616348890467e+01
6.580843534714283294e+01
7.177570923116783774e+01
7.758370359716745668e+01
8.324212673707536680e+01
8.876012615666664374e+01
9.414626542206637794e+01
1.045542936217718335e+02
1.145232664779371845e+02
1.241019161354536209e+02
1.333317186474921527e+02
1.422479818161284300e+02
1.508808381672817802e+02
1.592561039497716706e+02
1.673960016361913006e+02
1.830440999885845486e+02
1.979512745298035270e+02
2.122149185138013365e+02
2.259117852095084231e+02
2.399124366472960901e+02
2.526224775325379710e+02
2.649219828181969660e+02
2.768458085544966139e+02
2.996812977586244529e+02
3.213223804403983195e+02
3.419181450358216239e+02
3.615870575925985122e+02
3.804255707905900294e+02
3.985137706533254232e+02
4.159192269290389277e+02
4.326997086581789631e+02
4.645791504548236617e+02
4.944817639839047843e+02
5.226657638875875591e+02
5.493382975072277077e+02
5.746687363930203674e+02
5.987977422151383280e+02
6.218436738261053733e+02
6.439072465148464062e+02
6.854219374201840083e+02
7.239074243631403078e+02
7.598000829061516015e+02
7.934447015620257844e+02
8.251191099245027090e+02
8.550509052114784936e+02
8.834291711057644534e+02
9.100012966270336392e+02
9.610935884562508136e+02
1.007873395704348127e+03
1.047824922800476088e+03
1.088110146763827515e+03
1.125695563276573239e+03
1.160925829760496754e+03
1.194082425030891272e+03
1.223050104669686789e+03
1.281138894433014002e+03
1.333808078869867813e+03
1.380200620504481094e+03
1.424708753034284200e+03
1.464413504546789000e+03
1.502915038772096295e+03
1.538919864995519220e+03
1.571456364676371777e+03
1.632369268467603433e+03
1.688112225091482060e+03
1.737614694672951828e+03
1.782805086810264584e+03
1.824307097965615412e+03
1.862617686852094266e+03
1.898811078373463943e+03
1.931832376053501775e+03
1.991588245155700633e+03
2.042889049541047825e+03
2.093598916784784251e+03
2.134949462221432896e+03
2.172518313765216590e+03
2.206874055942918403e+03
2.241500941241592045e+03
2.270508716964770429e+03
2.322676171068795611e+03
2.370720196068910354e+03
2.411487495248997675e+03
2.450166824320793694e+03
2.483853388635599458e+03
2.516548453585697189e+03
2.545595797502857295e+03
2.574282130093647083e+03
2.626053624030431365e+03
2.673569555831435991e+03
2.717952932928671089e+03
2.758963269857956220e+03
2.799169955163957184e+03
2.837897807739724612e+03
2.875418191960273816e+03
2.911929792812794403e+03
2.982480372264065409e+03
3.050349043524908211e+03
3.116007934580680285e+03
3.179748512080738692e+03
3.238024629518942675e+03
3.304346517154635421e+03
3.361768442525478804e+03
3.417814846769525957e+03
3.525970246843047335e+03
3.635412587704897760e+03
3.733530350267835274e+03
3.832843644290750035e+03
3.921890121087689295e+03
4.006852508962101183e+03
4.092869245761549337e+03
4.170020392080607962e+03
4.318276859759228500e+03
4.453134327884312370e+03
4.572415544289645368e+03
4.684794194833408255e+03
4.787490391669047312e+03
4.881507389831470391e+03
4.967738303503587304e+03
5.044671339743720637e+03
5.185254489859620662e+03
5.303599996457048292e+03
5.407066266273285692e+03
5.495410886565367036e+03
5.573709797723347947e+03
5.642423397205247056e+03
5.702233351393020712e+03
5.756993826297356463e+03
5.847118091344384084e+03
5.920711959968448355e+03
5.981915423686018585e+03
6.033662087167042955e+03
6.078071095185943705e+03
6.119468112834421845e+03
6.153166827402439594e+03
6.183192056891799439e+03
6.234738861443256610e+03
6.277886632327035841e+03
6.315027101078633677e+03
6.348921410005917096e+03
6.378161366041103065e+03
6.404824764156932360e+03
6.429450714405960753e+03
6.452437990337299198e+03
6.495401877090514063e+03
6.533796454562478175e+03
6.570183774387724952e+03
6.603882882448419878e+03
6.636673821662318005e+03
6.667651494744960473e+03
6.697684580895583167e+03
6.727505036437648414e+03
6.784743566521937282e+03
6.840646708742704504e+03
6.892087709786286723e+03
6.947536916035300237e+03
6.997104056454764759e+03
7.050852651967919883e+03
7.099103837133331581e+03
7.151585049652254384e+03
7.250250171847630554e+03
7.347142383426770721e+03
7.442444426982392542e+03
7.536279384050179033e+03
7.628736786889231553e+03
7.719886398723067941e+03
7.809785780774038358e+03
7.898484588494115997e+03
8.068362834064309027e+03
8.238114941936490141e+03
8.403817727788631601e+03
8.565717020286392653e+03
8.724036127145780483e+03
8.878979123783443356e+03
