8.388754679098457956e-01
8.387911170500714775e-01
8.387095105667103923e-01
8.386292433867552631e-01
8.385493422482497294e-01
8.384692020738437890e-01
8.383070910886409877e-01
8.381422833445828502e-01
8.379756006664305090e-01
8.378082810279519066e-01
8.376414632972313257e-01
8.374759793311312706e-01
8.373123132808082403e-01
8.371506392604075586e-01
8.368328041117258920e-01
8.365200881094807528e-01
8.362087862421319073e-01
8.358948417586198332e-01
8.355743521518768091e-01
8.352438136877431418e-01
8.349002263926834644e-01
8.345411240325226743e-01
8.337690868334242111e-01
8.329177251372499313e-01
8.319832919316105801e-01
8.309666423920774037e-01
8.298717821952052986e-01
8.287046972200400319e-01
8.274724689085743989e-01
8.261826376634147096e-01
8.234601451921790272e-01
8.205935345464112629e-01
8.176309142172968336e-01
8.146111366258850239e-01
8.113736897622558786e-01
8.083233448755251516e-01
8.052867909204906027e-01
8.022759705656028473e-01
7.963621928892123947e-01
7.906199042421278023e-01
7.850615932321218793e-01
7.796862237934831796e-01
7.744860907670201300e-01
7.694506549748396651e-01
7.645686137152836181e-01
7.598289608693278296e-01
7.507369258640750331e-01
7.421045178239893403e-01
7.338763070314229253e-01
7.260086116323094529e-01
7.184665098246796333e-01
7.112214728559251853e-01
7.042496537121252231e-01
6.975306921696073914e-01
6.847826263327050356e-01
6.728583728792187912e-01
6.616618345878038099e-01
6.511132857792034656e-01
6.411455027488983660e-01
6.317011810903920832e-01
6.227310693332839264e-01
6.143228380901035734e-01
5.981475921623626846e-01
5.833497718765983109e-01
5.707387242286614537e-01
5.580623029641174071e-01
5.462841430180276348e-01
5.352972462032425938e-01
5.250127608380097399e-01
5.160780690312378738e-01
4.983245316703488470e-01
4.824433583576279716e-01
4.686485387139924796e-01
4.556026978030160990e-01
4.441336187406221825e-01
4.331746072170545858e-01
4.230793863089274964e-01
4.140902416338150260e-01
3.976212047220144541e-01
3.829852002890419271e-01
3.703571523703601542e-01
3.591472424306800804e-01
3.491302389143982055e-01
3.401272817952758487e-01
3.318423801447352162e-01
3.244743286240350244e-01
3.116128688065202823e-01
3.010642306746831309e-01
2.910902899755853923e-01
2.832927510188198994e-01
2.764704358887684066e-01
2.704503976989940384e-01
2.645947305721563225e-01
2.598534976290807208e-01
2.517058550476747314e-01
2.446378950929499752e-01
2.389738354918620189e-01
2.338884803283463043e-01
2.296927783943942813e-01
2.258314207562648335e-01
2.225768303176209884e-01
2.195257842728892683e-01
2.144271031924631643e-01
2.101984530806930707e-01
2.066199366994965203e-01
