1.479559419379853580e+02
1.227597355710717295e+02
1.054032289380750029e+02
9.266543780853557166e+01
8.288903730232254929e+01
7.513075630246062531e+01
6.356003926158519590e+01
5.531102306077178810e+01
4.911064056075846196e+01
4.426696086105294370e+01
4.037036974400344036e+01
3.716236863074374952e+01
3.447149761310808458e+01
3.217939460547879094e+01
2.847629010338557976e+01
2.560795056374779932e+01
2.331609006186338107e+01
2.144011794189690079e+01
1.987470499343366725e+01
1.854775590397592921e+01
1.733452236950508762e+01
1.641866196390258992e+01
1.478490800102993497e+01
1.349188228834985992e+01
1.244367947494740712e+01
1.157743095477261264e+01
1.085009637746364497e+01
1.023116532854612082e+01
9.698385031464608730e+00
9.235137194082961187e+00
8.469448161065500358e+00
7.862718083482287845e+00
7.369912358955253318e+00
6.961315477213702252e+00
6.596824965576241873e+00
6.304382899132455087e+00
6.050585926000179526e+00
5.827912061048377446e+00
5.454538251567330853e+00
5.152597088670535008e+00
4.902374681332552164e+00
4.690951651484073004e+00
4.509490167244656789e+00
4.351721748229524067e+00
4.213061996538627341e+00
4.090069779848949594e+00
3.881099744601797408e+00
3.709723529519643570e+00
3.566192060785585038e+00
3.443895064110745530e+00
3.338179751117872129e+00
3.245671652210440961e+00
3.163862313560773742e+00
3.090847810507429294e+00
2.965634615139570052e+00
2.861596880537425669e+00
2.773282100915949844e+00
2.697005286638792576e+00
2.630182302496964830e+00
2.570943680826560218e+00
2.517900577360337344e+00
2.470710741254935172e+00
2.385912685769730146e+00
2.314223217197297178e+00
2.256875356144774525e+00
2.202221608581378387e+00
2.153789588875302918e+00
2.110408560361602071e+00
2.071200204915788934e+00
2.038125999341138250e+00
1.974805875684650047e+00
1.920496531653468786e+00
1.874830711118816717e+00
1.832745083865065183e+00
1.796505548793848828e+00
1.762447330767037634e+00
1.731494445140934646e+00
1.704220168508686628e+00
1.654801491406612479e+00
1.611291013389895443e+00
1.573893511099725417e+00
1.540686100460088470e+00
1.510912694663562705e+00
1.484001042810709992e+00
1.459049466924135174e+00
1.436662748207728102e+00
1.397009580853514565e+00
1.363790808819981715e+00
1.331654030909954933e+00
1.305939676074676203e+00
1.282948822107415232e+00
1.262231100546905793e+00
1.241648357760348320e+00
1.224641329873729756e+00
1.194622918055879834e+00
1.167676054627950544e+00
1.145400013929274374e+00
1.124830010072454423e+00
1.107417581398974837e+00
1.091013542995337371e+00
1.076886379820156669e+00
1.063377903452983331e+00
1.040192008404508428e+00
1.020336760904801743e+00
1.003052768642168191e+00
