1.493903975653560963e+02
1.238620611342460478e+02
1.062777584600091387e+02
9.337289447078904914e+01
8.346787859254555997e+01
7.560690977192736284e+01
6.388104545173438709e+01
5.551902573375004835e+01
4.923184246365833161e+01
4.431905059026684057e+01
4.036600819067087542e+01
3.711100411585649539e+01
3.438039688229053326e+01
3.205427365242302784e+01
2.829599625191797685e+01
2.538485000260619984e+01
2.305879292014206072e+01
2.115484682493151070e+01
1.956610316692647089e+01
1.821938514746676319e+01
1.706282889735222241e+01
1.587628588927034201e+01
1.440055065126614231e+01
1.308835926060367782e+01
1.202468641142139560e+01
1.114572190496839887e+01
1.040777448026890717e+01
9.779867901672721686e+00
9.239406988083613825e+00
8.769516391431219304e+00
7.992914487429104931e+00
7.377577822020691123e+00
6.877782507230691955e+00
6.463366849601965392e+00
6.093645525697731991e+00
5.796963415058244529e+00
5.539444612391823064e+00
5.313465972960626615e+00
4.934453807327275676e+00
4.627855469959947676e+00
4.373708056256835341e+00
4.158928239699007712e+00
3.974563511740889954e+00
3.814261302694678335e+00
3.673373329032771473e+00
3.548408635396878452e+00
3.336110074078418641e+00
3.162042286256971035e+00
3.016297318291250473e+00
2.892154249265991961e+00
2.784881338219532321e+00
2.691046558475478356e+00
2.608098653051814431e+00
2.534101258942281554e+00
2.407294569606254875e+00
2.302047615057156715e+00
2.212814182904200067e+00
2.135844728221428568e+00
2.068508573605914780e+00
2.008901444034407291e+00
1.955607700803804194e+00
1.908265747736459295e+00
1.823384431952243423e+00
1.751839554237466512e+00
1.694764771739338816e+00
1.640510590225110477e+00
1.592550837870360780e+00
1.549688804737656911e+00
1.511027512389421679e+00
1.478471512572418378e+00
1.416282991375561684e+00
1.363080599122612924e+00
1.318433032181162590e+00
1.277347966706771754e+00
1.242011250938524602e+00
1.208830936355690611e+00
1.178696360698653800e+00
1.152156060893219314e+00
1.104088593686273656e+00
1.061778076817504468e+00
1.025408113805347687e+00
9.931007906405281416e-01
9.641166408858706793e-01
9.378971257812966922e-01
9.135631405787655313e-01
8.917055982434973771e-01
8.529159577260027048e-01
8.203288390589473789e-01
7.887036015106162479e-01
7.633152024260823065e-01
7.405444444130760973e-01
7.199616579460750287e-01
6.994489131210549493e-01
6.824488586063858220e-01
6.523251860792097512e-01
6.251525798410282331e-01
6.025964735054136767e-01
5.816956586538564178e-01
5.639528049993093317e-01
5.471995532244563476e-01
5.327461750438381438e-01
5.189077401479438301e-01
4.951276157685883250e-01
4.747536618735603842e-01
4.570284565387678910e-01
