5.720534271611803661e+02
4.743761161502886239e+02
4.070908163451403539e+02
3.577087472678326776e+02
3.198043694509437955e+02
2.897210213923096944e+02
2.448451315898405483e+02
2.128418061577151832e+02
1.887791170320419099e+02
1.699768677541749469e+02
1.548483025831535826e+02
1.423917659070898480e+02
1.319425604024533243e+02
1.230415693800763961e+02
1.086606834812679239e+02
9.752021777522691082e+01
8.861593265553172216e+01
8.132305534071149111e+01
7.523173316074033323e+01
7.006150565347033421e+01
6.561372588077335877e+01
6.174360129255168061e+01
5.532948780073378714e+01
5.022122237333164207e+01
4.604960282968168883e+01
4.257383815402346272e+01
3.962991138392892054e+01
3.710207938702394870e+01
3.490623207172973963e+01
3.297971503739832855e+01
2.975472278356097888e+01
2.715813620989908728e+01
2.501950290185730807e+01
2.322536571675912143e+01
2.160911572241146672e+01
2.030230621957123205e+01
1.916179546803634537e+01
1.815708737539214468e+01
1.646657826551138726e+01
1.509746014781991974e+01
1.396424070386860627e+01
1.300949709035821655e+01
1.219318731136032419e+01
1.148651143191540314e+01
1.086820915114570241e+01
1.032223375368107554e+01
9.400567068615703903e+00
8.651015720274232379e+00
8.028219360944362393e+00
7.501622705533892876e+00
7.049863990602198704e+00
6.657542017353870634e+00
6.313261441917012107e+00
6.008402212170783407e+00
5.491797349338807699e+00
5.069668861836490237e+00
4.717425874817848808e+00
4.418437884432345975e+00
4.161034657468378306e+00
3.936772839309410799e+00
3.739384851094317952e+00
3.566703567959742305e+00
3.263912847619284907e+00
3.016115668444172560e+00
2.823749689428289411e+00
2.645591868817704473e+00
2.492160293774409840e+00
2.358436946026357450e+00
2.240701862739097994e+00
2.143763637555386126e+00
1.964438471667856456e+00
1.817387371590100997e+00
1.698703330077684814e+00
1.593419282259902925e+00
1.505953043697705329e+00
1.426474277214156094e+00
1.356550079237374362e+00
1.296770031120385580e+00
1.192861896479956441e+00
1.106112785902195972e+00
1.035119232886426266e+00
9.748566628973135417e-01
9.230514565667500282e-01
8.780362915867176987e-01
8.393034121432468853e-01
8.030121776076601936e-01
7.442161163070356578e-01
6.977602926934675098e-01
6.552009202356537942e-01
6.227990869720273492e-01
5.950444226151497817e-01
5.709946013021801603e-01
5.479823465244971770e-01
5.296150640003985943e-01
4.985834573336340725e-01
4.721845439957912949e-01
4.513616233549222478e-01
4.329075748721696315e-01
4.178476172629856933e-01
4.041157078387875301e-01
3.926340338312537259e-01
3.819450661868921681e-01
3.642382518270936287e-01
3.496947467264539533e-01
3.374825873745905813e-01
