4.704535018685445991e+00
5.673186615182340020e+00
6.610819020925225331e+00
7.523392956112259000e+00
8.415029683682211825e+00
9.288738950356012936e+00
1.099103595103165887e+01
1.264347202607461540e+01
1.425484192324648092e+01
1.583140777529640530e+01
1.737784382739600986e+01
1.889776572293896351e+01
2.039404929541058209e+01
2.186903362133978490e+01
2.476254686035704822e+01
2.759049208277319565e+01
3.036187458956553442e+01
3.308359794469561876e+01
3.576110593058854903e+01
3.839878828726147475e+01
4.100024977286789607e+01
4.356849565896776966e+01
4.861512112860511792e+01
5.355493341741802027e+01
5.840020470427982247e+01
6.316047773524717002e+01
6.784336280645200645e+01
7.245506172108942167e+01
7.700072438138225550e+01
8.148469836527102927e+01
9.028198374594286690e+01
9.887135646059250860e+01
1.072719635792619499e+02
1.154993280938781481e+02
1.240655003937624770e+02
1.319742070822459539e+02
1.397436207659895615e+02
1.473819812160801632e+02
1.622939237631307776e+02
1.767596809559735789e+02
1.908197744581480038e+02
2.045079519906360588e+02
2.178527687408649740e+02
2.308787043236147838e+02
2.436069800599986763e+02
2.560561728891780149e+02
2.801811151611029231e+02
3.033647488598541031e+02
3.256973507828396350e+02
3.472538244870644917e+02
3.680974471344048879e+02
3.882824756127283763e+02
4.078560128117841259e+02
4.268593792679607191e+02
4.632979216217398744e+02
4.978467557728832844e+02
5.307082337749033059e+02
5.620502800572019169e+02
5.920144424646704238e+02
6.207215758159693451e+02
6.482759849273975306e+02
6.743623259558218024e+02
7.252553186739139619e+02
7.726429036162293187e+02
8.136622504017573192e+02
8.554928782325748671e+02
8.949077496335273736e+02
9.321615506803799462e+02
9.674698481167132513e+02
9.984951800209445310e+02
1.061147211929344166e+03
1.118377530105865617e+03
1.169054485620197511e+03
1.217859075932941323e+03
1.261517854040981319e+03
1.303939057550534244e+03
1.343669160997044628e+03
1.379611645171808505e+03
1.446980620501688009e+03
1.508709756310176545e+03
1.563594637343412160e+03
1.613768425807962103e+03
1.659926110763226689e+03
1.702623360099865522e+03
1.743061713636481954e+03
1.780061731513370205e+03
1.847342119009697626e+03
1.905522613352798999e+03
1.963507469101816241e+03
2.011200170691876792e+03
2.054889450768740062e+03
2.095163844968639296e+03
2.136080661304625664e+03
2.170611196604493671e+03
2.233270557035043112e+03
2.291531936019815930e+03
2.341261385669768515e+03
2.388541531866887453e+03
2.429654128352187399e+03
2.469357046003596224e+03
2.504345826787111037e+03
2.538526589269577926e+03
2.598942123753657143e+03
2.652550229055954787e+03
2.700720587627384703e+03
