3.035680853373463606e-01
3.035550760855389996e-01
3.035438289537619738e-01
3.035334000007789967e-01
3.035229211978238695e-01
3.035115796083092121e-01
3.034833356545512117e-01
3.034433642401461739e-01
3.033874877087106015e-01
3.033127006484273025e-01
3.032171009292321529e-01
3.030997499184291399e-01
3.029605033156794747e-01
3.027998407405032566e-01
3.024183927886969769e-01
3.019663566389105824e-01
3.014570053831278074e-01
3.009039565185052112e-01
3.003200733484447937e-01
2.997169294034556231e-01
2.991046095094542778e-01
2.984917007172107617e-01
2.972915650579732727e-01
2.961596242908424159e-01
2.951234169629017856e-01
2.941991493701436866e-01
2.933950389161665839e-01
2.927138001932441114e-01
2.921544386710301922e-01
2.917135232854253246e-01
2.911662125807854551e-01
2.910234610560529234e-01
2.912329231165475818e-01
2.917439880421071052e-01
2.925655383597955961e-01
2.935572852539856115e-01
2.947237027186595526e-01
2.960329668873207254e-01
2.989728834352227693e-01
3.021965995924951187e-01
3.055687590564168943e-01
3.089881765911393074e-01
3.123795313222856862e-01
3.156871433790016113e-01
3.188703165179411769e-01
3.218998361763105720e-01
3.274231880206102119e-01
3.321668729116815655e-01
3.361076350430103332e-01
3.392618232039232851e-01
3.416685524377385264e-01
3.433792467344396471e-01
3.444511044675522271e-01
3.449430216497084700e-01
3.444170277328915120e-01
3.422332564550458756e-01
3.387679307609481327e-01
3.343375830378363389e-01
3.292031429777786400e-01
3.235768020197973271e-01
3.176293635843698837e-01
3.115937765197784870e-01
2.989898095311644965e-01
2.866749274204920539e-01
2.758881747042636334e-01
2.650223191453164873e-01
2.550996342678928386e-01
2.461431704696153133e-01
2.381319606131100386e-01
2.315358045150048838e-01
2.196377307479480123e-01
2.105708864965905036e-01
2.040360168290646925e-01
1.990635927225099522e-01
1.956793953718616308e-01
1.933045881875017358e-01
1.918438452855681930e-01
1.911102440027647731e-01
1.910734543290359966e-01
1.923396626812206023e-01
1.942991866228425124e-01
1.966255705313457725e-01
1.991093393770029252e-01
2.016236361782688391e-01
2.041413306470474254e-01
2.065231105892948449e-01
2.109540689281175219e-01
2.148100505967747154e-01
2.186228285939790794e-01
2.217214489704701919e-01
2.245321494535517104e-01
2.271089418689911099e-01
2.297279813423784844e-01
2.319542373840448590e-01
2.360860079536877265e-01
2.401230184327189932e-01
2.438077027248795048e-01
2.475982116306383318e-01
2.511893574693715436e-01
2.549797656567278636e-01
2.586326781700307720e-01
2.625298382675822495e-01
2.703542636016607048e-01
2.784823442481751954e-01
2.869049523989204431e-01
2.953792012190419314e-01
3.042930325035371197e-01
3.133984112848935411e-01
3.226563639165078712e-01
3.320299428553283860e-01
3.509908627296312034e-01
3.700471353577370337e-01
3.890142969520837823e-01
4.077510539087683128e-01
4.250407050543429932e-01
4.447873116794198722e-01
4.618651882045980983e-01
4.784590757654001436e-01
5.101112028361711737e-01
5.414342293980780596e-01
5.687519003833614306e-01
5.955508329356717923e-01
6.187765209827347235e-01
6.401767359883621111e-01
6.610427418789868170e-01
6.790412230737956634e-01
7.116240681364018883e-01
7.388434014009988005e-01
7.608802897843673918e-01
7.797906446295570504e-01
7.954131236505475044e-01
8.082481516564854473e-01
8.187170216200883033e-01
8.269444307823619056e-01
8.390589621734676484e-01
8.460423658343643183e-01
8.494414346814522787e-01
8.500990585023942003e-01
8.487423408971608296e-01
8.458717924421819134e-01
8.419488674546187212e-01
8.370678578707781980e-01
8.259941666731549503e-01
8.137212141304246416e-01
8.009487176445304613e-01
7.880973322607474074e-01
7.754199844366951311e-01
7.621325112320675998e-01
7.502224192716369089e-01
7.387690854522759309e-01
7.172874680735503716e-01
6.976725209248684223e-01
6.798011064325351072e-01
6.629181814348044099e-01
6.481076364615319108e-01
6.345632419873368235e-01
