5.467914874393193969e+01
5.109795636005024022e+01
4.834689064325326058e+01
4.613689388073235875e+01
4.430443053509687701e+01
4.274868644019274910e+01
4.022320317499080744e+01
3.823545839593919027e+01
3.661162928867771171e+01
3.524869636468117307e+01
3.408096728603017311e+01
3.306418234021614211e+01
3.216721238837933328e+01
3.136739410619770041e+01
2.999526937513963176e+01
2.885309885963559395e+01
2.788131926828757656e+01
2.704019896808192058e+01
2.630200637166377930e+01
2.564667769978095890e+01
2.505926749221696426e+01
2.452837118558621654e+01
2.360244132967440223e+01
2.281731131414386127e+01
2.213892605677883196e+01
2.154376391648471412e+01
2.101498669278731057e+01
2.054018300635200589e+01
2.010997846044228865e+01
1.971714420804261181e+01
1.902203759856002918e+01
1.842165008963041473e+01
1.789385520794880335e+01
1.742327235190229828e+01
1.697364099585746899e+01
1.658930567012945545e+01
1.623637370592933493e+01
1.591010952241591703e+01
1.532338665384415322e+01
1.480713814379005022e+01
1.434656492130678451e+01
1.393126796159476122e+01
1.355366961376571133e+01
1.320807391467320180e+01
1.289008212070919512e+01
1.259621570818471525e+01
1.207012097712746090e+01
1.161261176203190182e+01
1.121139001233003718e+01
1.085721162552681562e+01
1.054286785604211829e+01
1.026258073239575985e+01
1.001162357612340692e+01
9.786070405106709558e+00
9.398484870072646657e+00
9.078935064202953598e+00
8.812078573133113935e+00
8.586454296795521302e+00
8.393396686557700548e+00
8.226292026641408128e+00
8.080052577659492030e+00
7.952643787402360331e+00
7.729697215710409353e+00
7.546390330575038163e+00
7.402333633867870688e+00
7.266471918738003133e+00
7.146728463929162167e+00
7.039650433092988102e+00
6.942804658199787760e+00
6.860950031030981222e+00
6.703584341786443801e+00
6.567708196364188566e+00
6.452645532498983094e+00
6.345783053655061678e+00
6.252965878618248929e+00
6.164879835975824562e+00
6.083927745015970778e+00
6.011734452958600095e+00
5.878376753075500005e+00
5.757604333173309108e+00
5.650758430872191873e+00
5.553185185773900301e+00
5.463325803375636447e+00
5.380029790663367173e+00
5.300945738911028826e+00
5.228407803959605360e+00
5.096084437137324841e+00
4.981278112817681070e+00
4.866587964294983415e+00
4.772105484951170595e+00
4.685463865449666088e+00
4.605528549308868236e+00
4.524251854840069420e+00
4.455598743100237513e+00
4.330815977693304397e+00
4.214427826838553770e+00
4.114650845756299802e+00
4.019251719140375378e+00
3.935721975444619769e+00
3.854398663141956227e+00
3.782065520199108022e+00
3.710673325651981269e+00
3.582300227219576971e+00
3.465463997328989798e+00
3.357546204770810228e+00
3.259083538191752893e+00
3.163837838456515783e+00
3.073359558810938363e+00
2.986909161558937154e+00
2.903928505551373274e+00
2.746773638162685494e+00
2.599532298441663336e+00
2.460769103951967907e+00
2.329580440600631075e+00
2.212752129670152890e+00
2.083531702173901046e+00
1.974976151444140404e+00
1.872096013149156191e+00
1.682472471951163895e+00
1.502987080514043283e+00
1.352989300372010595e+00
1.211821899687229420e+00
1.094372257507822077e+00
9.902754576622643246e-01
8.926720657347129162e-01
8.116341504997045542e-01
6.725102454823272957e-01
5.638825630963666402e-01
4.809989871119332294e-01
4.133847828257302126e-01
3.598003461164068773e-01
3.170877539180315674e-01
2.828452039173262600e-01
2.559937121587672060e-01
2.151480169613243787e-01
1.881682598860200950e-01
1.694895645910428905e-01
1.567862224689611506e-01
1.477841624881546523e-01
1.414734747284047967e-01
1.370863116406512705e-01
1.338972861033093098e-01
1.301941532420458902e-01
1.284120938053462946e-01
1.276383999551592430e-01
1.273912530880944027e-01
1.274096151230165730e-01
1.275631164768329939e-01
1.277470009451644184e-01
1.279276868668073053e-01
1.282036974191563539e-01
1.283251984178198635e-01
1.282940507819253784e-01
1.281232492488224295e-01
1.278507928316650888e-01
1.274948418866806987e-01
