2.824755214943660064e+01
2.639616542030767832e+01
2.497393873678604237e+01
2.383139133398612586e+01
2.288393324743442392e+01
2.207940226774259429e+01
2.077274702743337187e+01
1.974316137283684469e+01
1.890061519697269077e+01
1.819176211863560511e+01
1.758261959166585342e+01
1.705033647238190753e+01
1.657888661899948346e+01
1.615664500532060899e+01
1.542716051188457804e+01
1.481382232417384692e+01
1.428671285958747283e+01
1.382606783803250750e+01
1.341820287778478082e+01
1.305327395168757398e+01
1.272397079562903954e+01
1.242471692719448484e+01
1.189983398146620708e+01
1.145315107367073715e+01
1.106755832482126323e+01
1.073096195763889327e+01
1.043446896099218968e+01
1.017133291488515923e+01
9.936306340055741870e+00
9.725223698344384715e+00
9.362048030815580901e+00
9.061425423307737148e+00
8.809121569013750985e+00
8.594838022558704438e+00
8.400288346118253813e+00
8.242278004910009059e+00
8.104051935792480066e+00
7.982118138164812748e+00
7.776540021024795912e+00
7.609081994241613245e+00
7.468727171150224109e+00
7.347901289731382235e+00
7.241290125794226817e+00
7.145107547173675577e+00
7.056625068963555236e+00
6.973860033200724118e+00
6.820073759618412446e+00
6.676204527679990619e+00
6.538207372977657528e+00
6.403956377795974042e+00
6.272389533997040800e+00
6.143033159374470031e+00
6.015732890878598305e+00
5.890500318450389905e+00
5.646628565003927847e+00
5.412344788333078860e+00
5.188455981447666510e+00
4.975468029799263725e+00
4.773594781171347279e+00
4.582816978737713320e+00
4.402944347143191273e+00
4.236232892357325142e+00
3.923040081271712776e+00
3.648188428606767175e+00
3.425052746145593741e+00
3.212778179726835326e+00
3.027567697478477982e+00
2.866077590764168015e+00
2.725312218845618251e+00
2.611469190372197602e+00
2.409130623839315533e+00
2.255211090801480189e+00
2.141912613890241346e+00
2.051555358249768091e+00
1.984896471822441999e+00
1.931650538557479146e+00
1.890966419131605791e+00
1.860933704075013351e+00
1.819280548710494605e+00
1.794459292366318071e+00
1.780259878148329644e+00
1.771852477907728929e+00
1.766695607953455704e+00
1.763260086482972611e+00
1.760587149871086776e+00
1.758241203393772434e+00
1.753316557413197918e+00
1.747630972625793699e+00
1.740196484191910198e+00
1.732654485956197421e+00
1.724647957531607601e+00
1.716423752198492636e+00
1.707363498781930611e+00
1.699278978838906662e+00
1.683965630443159833e+00
1.669552134622660722e+00
1.657641552270366692e+00
1.647091046920813540e+00
1.638850520613501338e+00
1.631982513642868282e+00
1.627010631910950300e+00
1.623289005505542892e+00
1.619871043906460084e+00
1.620644114305589634e+00
1.624651946237261280e+00
1.630898406358882724e+00
1.639023223774235039e+00
1.648325456678696677e+00
1.658334568925015962e+00
1.668666066031169626e+00
1.689111310317315207e+00
1.707849086852833320e+00
1.723771591730971275e+00
1.736263628774406431e+00
1.744622545411560477e+00
1.750203768400834692e+00
1.751486146970613555e+00
1.749507193862469112e+00
1.736783857140958842e+00
1.712566548864577376e+00
1.682038004182799584e+00
1.643649711624016962e+00
1.603681617916199009e+00
1.561382381481887016e+00
1.515084347134522558e+00
1.471104613486138080e+00
1.381674790509917372e+00
1.296587755083525195e+00
1.219789918345655977e+00
1.147036726012526042e+00
1.080792345271003319e+00
1.020707187655909731e+00
9.662867091637613592e-01
9.184133367590658903e-01
8.328334436467130786e-01
7.628537120914982150e-01
7.032560139333141613e-01
6.535095674917540398e-01
6.102518253023206940e-01
5.728879924860351691e-01
5.407833043851030252e-01
5.116996525813329866e-01
4.644084557411979342e-01
4.262598223620717164e-01
3.948317090723717504e-01
3.684820706719573180e-01
3.460617625982151946e-01
3.253677367730906655e-01
3.087135635347609819e-01
2.940621928037123745e-01
2.694605581880180623e-01
2.495923175159120155e-01
2.331934082437194244e-01
2.189287940793681886e-01
2.072481887086879693e-01
1.971576814373116604e-01
