3.848555451608337563e+00
4.118315492679008649e+00
4.352690154159811975e+00
4.561218482459384660e+00
4.749905944977037109e+00
4.922804362610730955e+00
5.231986599067883326e+00
5.504123710971740024e+00
5.748454526151695276e+00
5.971013583498309352e+00
6.175981515865346161e+00
6.366385959167859987e+00
6.544496993436733412e+00
6.712064975532575417e+00
7.020826193209111388e+00
7.300864049478001938e+00
7.557786742203315811e+00
7.795623777330932924e+00
8.017382148075554937e+00
8.225374866483434744e+00
8.421425723405643993e+00
8.607002617528735300e+00
8.951339604244108017e+00
9.265822035323132866e+00
9.555812212575283127e+00
9.825323525768990152e+00
1.007744820539145358e+01
1.031462471231943567e+01
1.053881283673665870e+01
1.075161280883509285e+01
1.114812985745151686e+01
1.151243849329105018e+01
1.185053417445169188e+01
1.216690214740341602e+01
1.248306880047754852e+01
1.276465129499947793e+01
1.303289674731968972e+01
1.328951287922874869e+01
1.377320809011685476e+01
1.422432283780917750e+01
1.464894265909095061e+01
1.505151600888004815e+01
1.543537892615684903e+01
1.580308821182330270e+01
1.615664077492989392e+01
1.649762246061573023e+01
1.714675299163534206e+01
1.775820886533622556e+01
1.833738564872088617e+01
1.888821519046891240e+01
1.941367370681641091e+01
1.991609180387188260e+01
2.039735057821119923e+01
2.085900948016687906e+01
2.172864370217141783e+01
2.253368565275077628e+01
2.328104285046237010e+01
2.397645937619903123e+01
2.462485867643561832e+01
2.523054554513113246e+01
2.579733294485638240e+01
2.632058239238686070e+01
2.730378019470596485e+01
2.817472451780670895e+01
2.889469471456537875e+01
2.959766504213864735e+01
3.023258603196950745e+01
3.080970262295706874e+01
3.133750951018112119e+01
3.178708015459490710e+01
3.265896041916398929e+01
3.341992274650456807e+01
3.407160468635212425e+01
3.468458820391424524e+01
3.522456132006501406e+01
3.574478139515140640e+01
3.623054214492882608e+01
3.667066423687685983e+01
3.750283654910005282e+01
3.828037618327250868e+01
3.898931424750957575e+01
3.965563005339211600e+01
4.028657415834754829e+01
4.088739710762829560e+01
4.147306826632939902e+01
4.202416171712202697e+01
4.306641010830881555e+01
4.401264258651962535e+01
4.500038417122306811e+01
4.584838550322618289e+01
4.665498285104613529e+01
4.742501151662649761e+01
4.823458547045226652e+01
4.894016274381760923e+01
5.027580884735608180e+01
5.158615774839971380e+01
5.276112463139551778e+01
5.393045061033851795e+01
5.499189555872740698e+01
5.605947829946301653e+01
5.703757229209370649e+01
5.802934188932652404e+01
5.987847412519027301e+01
6.163427267277120336e+01
6.331687308009166770e+01
6.490240391510809559e+01
6.648157512964715465e+01
6.802322077515692911e+01
6.953455549582317019e+01
7.102134691909363085e+01
7.393906186386566048e+01
7.680430153283403172e+01
7.963606992223658665e+01
8.244758588198131122e+01
8.507760890144973587e+01
8.814690374399069128e+01
9.087577384087890664e+01
9.360860890136859780e+01
9.909491695099866604e+01
1.049642903080944194e+02
1.105321279614800005e+02
1.164966583277348491e+02
1.221559709061586716e+02
1.278580440180006690e+02
1.339608543003996317e+02
1.397436172782555275e+02
1.517771113000185039e+02
1.639322355526882973e+02
1.758107685137950682e+02
1.881314859132883441e+02
2.005022458889172583e+02
2.129028622123746288e+02
2.253151668403095584e+02
2.373470999668967920e+02
2.620940689451794583e+02
2.862984060292176878e+02
3.106278299654649118e+02
3.342858969749605649e+02
3.579536851675339904e+02
3.812284786100539691e+02
4.037401857224955961e+02
4.264984323956247181e+02
4.693170898173610226e+02
5.103334296195435513e+02
5.495491141877109840e+02
5.869996944196664117e+02
6.227423952867200114e+02
6.594055018209380705e+02
6.918344258025275622e+02
7.227910131408826828e+02
7.806120171561842653e+02
8.334975100442619578e+02
8.820261728694791827e+02
9.283637529172588074e+02
9.695464904520305254e+02
1.007756086486451181e+03
