7.917196568724484962e-01
7.916501626971701455e-01
7.915508636379513518e-01
7.914192182362018713e-01
7.912535465638992349e-01
7.910528830600309647e-01
7.905455797277856078e-01
7.898996574488563738e-01
7.891226181019987962e-01
7.882250072812446717e-01
7.872188709862655287e-01
7.861166860710468995e-01
7.849306639144835174e-01
7.836723309469597609e-01
7.809801962386266894e-01
7.781131587653185022e-01
7.751287251730580863e-01
7.720711884325766050e-01
7.689742056297603767e-01
7.658631404393183573e-01
7.627569879804418918e-01
7.596698857268329164e-01
7.535917778327991812e-01
7.476824131591754963e-01
7.419681893048242216e-01
7.364596076865481677e-01
7.311578842287822511e-01
7.260588735161519480e-01
7.211554287647672368e-01
7.164388341253840053e-01
7.075283789702453419e-01
6.992519788505617839e-01
6.915387788664020263e-01
6.843254115570758245e-01
6.771469052449816672e-01
6.707972350674609174e-01
6.647994413446198791e-01
6.591176332952812800e-01
6.485813358315866139e-01
6.389838559271723284e-01
6.301681847835567396e-01
6.220121136538026008e-01
6.144192453241217322e-01
6.073125768108411648e-01
6.006298649105517029e-01
5.943202367163138433e-01
5.826591583739713087e-01
5.720687554584600321e-01
5.623617912060510093e-01
5.533994098090033731e-01
5.450757242999983987e-01
5.373079809673981799e-01
5.300300923161884725e-01
5.231882685196325156e-01
5.106418806034724867e-01
4.993893821713726311e-01
4.892247458764700241e-01
4.799901109775248642e-01
4.715608447982901907e-01
4.638361945730764546e-01
4.567331542917116849e-01
4.502806984403093793e-01
4.384255989395171582e-01
4.282215944081286807e-01
4.200080996531454502e-01
4.121973178910423030e-01
4.053365547511731393e-01
3.992762709797688103e-01
3.938947651037949527e-01
3.894427573414418475e-01
3.811872554055213413e-01
3.744245789558391380e-01
3.689772545241680746e-01
3.641399949597854402e-01
3.600934579053216567e-01
3.563611122603020931e-01
3.529953891495125617e-01
3.500186897078663151e-01
3.444825420028934104e-01
3.392773955350349979e-01
3.343739631628750431e-01
3.295360847723145525e-01
3.246881594883035405e-01
3.197905981258770680e-01
3.147284358521034164e-01
3.096936166131740720e-01
2.994446026431631935e-01
2.893474628355221512e-01
2.780851663915200334e-01
2.679187587301044005e-01
2.579118833914009201e-01
2.481350289066170944e-01
2.377104448211326826e-01
2.285761318589294433e-01
2.113872107153156321e-01
1.949708081775725077e-01
1.808967213155625586e-01
1.676962642652455315e-01
1.565340526182410485e-01
1.461772056724441882e-01
1.374973352771746704e-01
1.295054963790533975e-01
1.167727025883777969e-01
1.071829133934301126e-01
1.000770076826142940e-01
9.502984948160531076e-02
9.137449451020529523e-02
8.892420883432805567e-02
8.741560200886056009e-02
8.664174987470119049e-02
8.668271784682701764e-02
8.811978782526352916e-02
9.037731426630557507e-02
9.309668775802037999e-02
9.587000482667917822e-02
9.922359592923157834e-02
1.022188792086353715e-01
1.051774615776537303e-01
1.108853584740359111e-01
1.165713787718232197e-01
1.215571729312614480e-01
1.264935409724898818e-01
1.308350806629903218e-01
1.349155985342065378e-01
1.389987860671340059e-01
1.426315131335513797e-01
1.495710398346261627e-01
1.558832206767419848e-01
1.615055291534872595e-01
1.668656118202420657e-01
1.718400964811053200e-01
1.764760853390328066e-01
1.808117941774582960e-01
1.847593993815337399e-01
1.922050939509745149e-01
1.987561427189632468e-01
2.047456367452582526e-01
2.100931527471914251e-01
2.150456088577072933e-01
2.195842381584611758e-01
2.237033631306530879e-01
2.276312522840271413e-01
2.344738153313699058e-01
2.404710224752761860e-01
2.457883568139322961e-01
2.505492483211924082e-01
2.548477679958409681e-01
2.590433060139503141e-01
2.625974630796577003e-01
2.658694625377506782e-01
2.717084529006115190e-01
2.767858192981407228e-01
2.812599714789030259e-01
2.853908054106568670e-01
2.889606791842993516e-01
