9.616732244824264342e+01
8.061827815746094927e+01
6.981376835000507697e+01
6.183100931824468205e+01
5.567201193342977206e+01
5.076454737282639940e+01
4.341539370146499976e+01
3.815904355844934770e+01
3.420444846588194565e+01
3.111763897158942882e+01
2.863955535288738474e+01
2.660548414014943930e+01
2.490545308129145141e+01
2.346312075153502974e+01
2.114717794254595518e+01
1.919186817068256445e+01
1.816679702045599143e+01
1.731763110259043259e+01
1.660061815081764891e+01
1.597061653547073767e+01
1.539471065277324158e+01
1.485688569415970939e+01
1.388561988176061135e+01
1.306191748060765789e+01
1.238275685266379966e+01
1.182783015742852584e+01
1.136726087452406730e+01
1.096978417436033837e+01
1.061145376582683042e+01
1.027942699174256092e+01
9.680697901405522998e+00
9.169211086364624563e+00
8.743034713515625000e+00
8.391785436269914911e+00
8.082157840470973298e+00
7.831153248032368452e+00
7.604196147955873286e+00
7.393049196172481352e+00
7.009249874411924708e+00
6.677808220678639550e+00
6.399256138364492585e+00
6.168167817335429071e+00
5.974381616799128381e+00
5.806022886236390512e+00
5.653397903609447717e+00
5.511067690952697440e+00
5.251421915122887363e+00
5.025871199126597411e+00
4.834854410816108228e+00
4.674936520728350864e+00
4.539634091750239797e+00
4.421363175377976518e+00
4.313903641315363302e+00
4.213709236593253138e+00
4.030974868575159853e+00
3.871677527746701042e+00
3.735626926030726214e+00
3.620375687107864948e+00
3.521707255363217381e+00
3.434825662605954122e+00
3.355822480959052001e+00
3.283530981906049195e+00
3.148377754476193946e+00
3.031102450384586700e+00
2.937861854498437175e+00
2.851178450687721799e+00
2.776553263705292540e+00
2.710822870979891164e+00
2.651365617375029959e+00
2.600621942025959754e+00
2.501672471878228610e+00
2.416275503391502877e+00
2.345861113817261590e+00
2.283293988765606297e+00
2.231514418434914493e+00
2.184210546240010320e+00
2.141686897301803949e+00
2.104134510179860751e+00
2.035561901470473778e+00
1.975462434538808765e+00
1.925286014966302250e+00
1.882751652166328782e+00
1.846465489901431445e+00
1.814837982398590954e+00
1.785940541414569260e+00
1.759948679530659588e+00
1.713340742155901264e+00
1.674193179622951666e+00
1.637220305672419274e+00
1.608910099336250399e+00
1.584709385400957959e+00
1.563549973288249850e+00
1.542679076091142631e+00
1.525243524400425432e+00
1.493747238465557681e+00
1.465000206995730192e+00
1.441436704124548829e+00
1.420234030980340512e+00
1.402795914532272814e+00
1.386642897567803123e+00
1.372723718513385371e+00
1.359236189977192977e+00
1.335504799479703575e+00
1.314738564028016476e+00
1.296583679928442034e+00
1.281031647050834721e+00
1.266898188368299927e+00
1.254186931110250924e+00
1.242559560814008313e+00
1.231785338673053731e+00
1.212286920830422998e+00
1.195047382015253623e+00
1.179661562889420923e+00
1.165789355074215550e+00
1.153881145419250798e+00
1.141072272625958339e+00
1.130518663639114019e+00
1.120633387216750210e+00
1.102559139300196556e+00
1.085380483737918844e+00
1.070697777627683589e+00
1.056321019556337726e+00
1.043718639931652481e+00
1.031897733877393586e+00
1.020133957808257774e+00
1.009772219016514150e+00
9.903724987368207611e-01
9.732488295040550019e-01
9.584732190904391436e-01
9.449267314332431278e-01
9.330097613891127351e-01
9.226431292851444699e-01
9.136881648785660781e-01
9.061791171505811926e-01
8.936932030590507559e-01
8.796869789122885308e-01
8.613494951223333862e-01
8.446245030563805933e-01
8.288219593186966216e-01
8.140638152901157332e-01
8.004331061501746003e-01
7.872194567879821081e-01
7.636832211758781686e-01
7.425002977848877972e-01
7.232769727287138295e-01
7.057092765024460812e-01
6.895577126093400677e-01
6.735280702562428390e-01
6.597451550595404557e-01
6.468925576867102789e-01
6.235716348160379452e-01
6.028995623928083969e-01
5.843887060561434588e-01
5.670604321732313213e-01
5.519070507827406047e-01
