1.959798205972596818e+01
2.338586565998760136e+01
2.701826145991946149e+01
3.052617528656167778e+01
3.393081058599042166e+01
3.724749744433356824e+01
4.366064293990006462e+01
4.983136504278557766e+01
5.580275198868125841e+01
6.160497955913083956e+01
6.726022494869343404e+01
7.278540199567298430e+01
7.819379821889484106e+01
8.349611009323861310e+01
9.381619767727083570e+01
1.038005861381442401e+02
1.134897258206986663e+02
1.229147675970378231e+02
1.321005432530415078e+02
1.410673923277398103e+02
1.498323400086226798e+02
1.584098895508738849e+02
1.750513587297751030e+02
1.910749045948257674e+02
2.065463323655272916e+02
2.215192432333826105e+02
2.360382453316783824e+02
2.501410939764141688e+02
2.638601827105667326e+02
2.772236195517613737e+02
3.029791485056925353e+02
3.275728630497068252e+02
3.511368326859724789e+02
3.737789295451830753e+02
3.969260651301549387e+02
4.179342000578189982e+02
4.382538298657660221e+02
4.579400208796296283e+02
4.955978784343531629e+02
5.312261466774418750e+02
5.650758884295440794e+02
5.973494757916746494e+02
6.282130231490344840e+02
6.578049898913086508e+02
6.862423103536279996e+02
7.136248711494698682e+02
7.655592611226180679e+02
8.141748987916536180e+02
8.599131817204811341e+02
9.031263916091770625e+02
9.441013734334951550e+02
9.830756174131182661e+02
1.020248537539833706e+03
1.055789600514458925e+03
1.122538795596735554e+03
1.184274196467224556e+03
1.241729930709997916e+03
1.295486646632312159e+03
1.346012713365801574e+03
1.393692116528445695e+03
1.438843990046667841e+03
1.481082650866184622e+03
1.562219744410225076e+03
1.636464265521320385e+03
1.699883578034048924e+03
1.763888749546820691e+03
1.823697473133195217e+03
1.879878752527254619e+03
1.932893911612385409e+03
1.979349548091153792e+03
2.072992670208843720e+03
2.158595822187932754e+03
2.234671438962344382e+03
2.308352436510228017e+03
2.374733075541940252e+03
2.439752211338290635e+03
2.501184939710325580e+03
2.557260959318803998e+03
2.663780737477493858e+03
2.763135513356296997e+03
2.852952548033029416e+03
2.936284663786929286e+03
3.013948134752903570e+03
3.086589565243447851e+03
3.156027864109543771e+03
3.220033352151890995e+03
3.337288422209643159e+03
3.439167235914963840e+03
3.540614505132172326e+03
3.623568412044844536e+03
3.698835131963071944e+03
3.767334870877988578e+03
3.835797028239032443e+03
3.892494980581129312e+03
3.992332666465912098e+03
4.080999648560160040e+03
4.153042919464957777e+03
4.218149302685818839e+03
4.271946632491553828e+03
4.321362920429763108e+03
4.362851545719013302e+03
4.401557728645075258e+03
4.465788592973835875e+03
4.518726503318793220e+03
4.563528650404880864e+03
4.601478885897583496e+03
4.635970257392277745e+03
4.667076779409436313e+03
4.695581730143091590e+03
4.722055931834115654e+03
4.770488899674654931e+03
4.814628724518759554e+03
4.855776837676123250e+03
4.894716419998505444e+03
4.929711212382679150e+03
4.969049561983088097e+03
5.002822810546015717e+03
5.035622039588560256e+03
5.098698728484226194e+03
5.162558706938857540e+03
5.220112089491851293e+03
5.278890818946319087e+03
5.332224737806314806e+03
5.383826831584538922e+03
5.436936115323125705e+03
5.485449066318979021e+03
5.581496769936694363e+03
5.672825266868876497e+03
5.757506469935943642e+03
5.841344653081756405e+03
5.922058084957220672e+03
5.999992118109481453e+03
6.075432504003668328e+03
6.146431983140257216e+03
6.286937948767723356e+03
6.418519663161485369e+03
6.546206059257337074e+03
6.666876661167719249e+03
6.784854331074323454e+03
6.898747589939862337e+03
7.007327155395869340e+03
7.115874281039704329e+03
7.317828003829889894e+03
7.509819391314161294e+03
7.693233924798317275e+03
7.869157041657412265e+03
8.038458608411327987e+03
8.214190177691643839e+03
8.371870814932091889e+03
8.524759961675405066e+03
8.817772028037543350e+03
9.095923318245055270e+03
9.361272816848935690e+03
9.625006944027076315e+03
9.868923452352468303e+03
