9.616732244824264342e+01
8.061827815746094927e+01
6.981376835000507697e+01
6.183100931824468205e+01
5.567201193342977206e+01
5.076454737282639940e+01
4.341539370146499976e+01
3.815904355844934770e+01
3.420444846588194565e+01
3.111763897158942882e+01
2.863955535288738474e+01
2.660548414014943930e+01
2.490545308129145141e+01
2.346312075153502974e+01
2.114717794254595518e+01
1.936809744700477154e+01
1.795723289181297488e+01
1.680970624595986251e+01
1.585690910216199434e+01
1.505210592946940373e+01
1.436238531363303039e+01
1.376391641971798130e+01
1.277435068569894128e+01
1.198664220459897756e+01
1.134193734196857051e+01
1.080240582935794791e+01
1.034262465387983454e+01
9.944871506472997780e+00
9.596407050981172304e+00
9.287831565069248896e+00
8.763609040950056439e+00
8.332518689609381468e+00
7.969657170975533944e+00
7.658543886590053695e+00
7.372015002590516453e+00
7.135284832830647517e+00
6.924456028481242420e+00
6.735073227879160740e+00
6.407614179765422691e+00
6.133099132420785082e+00
5.898589147470586269e+00
5.695210758764860159e+00
5.516638004017615948e+00
5.358216721448981978e+00
5.216432417120840270e+00
5.088572620069666819e+00
4.866524884189220579e+00
4.679558411982810640e+00
4.519301941746589613e+00
4.379916328114962454e+00
4.257190187754363642e+00
4.148001863827165181e+00
4.049983878923970160e+00
3.961305402500495898e+00
3.806498242334861448e+00
3.675145547695813253e+00
3.561629445401312655e+00
3.462052310803506394e+00
3.373617880461068808e+00
3.294262952267638322e+00
3.222428420842727181e+00
3.157891805674340358e+00
3.040409748499810494e+00
2.939555554901993606e+00
2.857866148063833656e+00
2.779191314127494206e+00
2.708822777898320489e+00
2.645299766030229094e+00
2.587512099697520274e+00
2.538511196538517201e+00
2.444139156648860833e+00
2.362743832575029845e+00
2.294112706467671181e+00
2.230829322918784996e+00
2.176411534099021772e+00
2.125424374294471619e+00
2.079297991166919157e+00
2.038887793015815575e+00
1.966440687971416690e+00
1.903767578947040295e+00
1.850991204049667216e+00
1.805161692534615003e+00
1.765032378394897794e+00
1.729636492438215933e+00
1.697628958525970955e+00
1.669618549877314839e+00
1.621734715549810524e+00
1.583376146249904304e+00
1.547784352307628897e+00
1.520335423645563289e+00
1.496513012630021233e+00
1.475573011997164841e+00
1.455206319152163807e+00
1.438662342341315625e+00
1.409973074705175966e+00
1.384649233178478545e+00
1.363950964420640677e+00
1.345010298479184963e+00
1.329121400862224300e+00
1.314305582517312887e+00
1.301699965896225164e+00
1.289815622024165664e+00
1.269915114305794512e+00
1.253503674682548530e+00
1.239781948524730115e+00
1.228411532080984303e+00
1.218372626917678891e+00
1.209617517792255681e+00
1.201872037635000279e+00
1.194924353142810425e+00
1.182803780802251126e+00
1.172338913040418484e+00
1.162975627504740483e+00
1.154375573774492070e+00
1.146806805132583928e+00
1.138432800830734060e+00
1.131330488097194831e+00
1.124494860659910112e+00
1.111491449820793953e+00
1.098495598502080561e+00
1.086923467974322488e+00
1.075244912771059269e+00
1.064774636147305165e+00
1.054762429187239947e+00
1.044581999258362259e+00
1.035394668842399390e+00
1.017525307968279558e+00
1.000931706695196155e+00
9.858929805335739927e-01
9.713318429707946677e-01
9.576195867541923423e-01
9.446620474616523877e-01
9.323808106227030601e-01
9.210550341765494364e-01
8.992952022929570077e-01
8.796869789122885308e-01
8.613494951223333862e-01
8.446245030563805933e-01
8.288219593186966216e-01
8.140638152901157332e-01
8.004331061501746003e-01
7.872194567879821081e-01
7.636832211758781686e-01
7.425002977848877972e-01
7.232769727287138295e-01
7.057092765024460812e-01
6.895577126093400677e-01
6.735280702562428390e-01
6.597451550595404557e-01
6.468925576867102789e-01
6.235716348160379452e-01
6.028995623928083969e-01
5.843887060561434588e-01
5.670604321732313213e-01
5.519070507827406047e-01
