2.833772874480845303e+02
2.374735630705330323e+02
2.055418867353581902e+02
1.819159443039937116e+02
1.636554747012732776e+02
1.490751822538845772e+02
1.271614900408767141e+02
1.113961485341697113e+02
9.945553410600545874e+01
9.006696054363715120e+01
8.247186618263647517e+01
7.618854985142765202e+01
7.089564673502015069e+01
6.637010530719102519e+01
5.902352965261154338e+01
5.330076202224846327e+01
4.870553563088325433e+01
4.492710577092424273e+01
4.176046588943079740e+01
3.906463040199344050e+01
3.673930111369038087e+01
3.471108671167916526e+01
3.133895220712166108e+01
2.864293780914367815e+01
2.643358656739522417e+01
2.458683666698110315e+01
2.301790640462586524e+01
2.166680718784811077e+01
2.048984843355447794e+01
1.945442309329408204e+01
1.771434089356357333e+01
1.630609548075045367e+01
1.514044478948161476e+01
1.415785277784616092e+01
1.326844084001898416e+01
1.254596621160625602e+01
1.191268147644552933e+01
1.135244600233766121e+01
1.040416254972237375e+01
9.630207120927176234e+00
8.984915655443822757e+00
8.437489070749418119e+00
7.966363303720203071e+00
7.555967236366686990e+00
7.194762023788375593e+00
6.874005945100190473e+00
6.328291388300209874e+00
5.880101103712182642e+00
5.504348128307492871e+00
5.184022374868272109e+00
4.907156267358305790e+00
4.665068393461190510e+00
4.451296841390345982e+00
4.260924817123442843e+00
3.935934562796182146e+00
3.668102223597435874e+00
3.443058665571998134e+00
3.250982317708384972e+00
3.084909684554952403e+00
2.939752247088825765e+00
2.811696193266970401e+00
2.699503358617268312e+00
2.502606464859374658e+00
2.341575850793256919e+00
2.216846454565501556e+00
2.101714980393647458e+00
2.002981703783652367e+00
1.917331887137787350e+00
1.842285666290801371e+00
1.780778051590780064e+00
1.667707095307161991e+00
1.575647737078687216e+00
1.501680121551418390e+00
1.436161926994052651e+00
1.381640982927187622e+00
1.331855073993644778e+00
1.287691772577495009e+00
1.249514382904443943e+00
1.181716939469951155e+00
1.122970285360035181e+00
1.072708301254970742e+00
1.027903349176413572e+00
9.873301995197329983e-01
9.501349704889349157e-01
9.150561084597617079e-01
8.829889856989738828e-01
8.245337616481923648e-01
7.736765072973799118e-01
7.226537450949103158e-01
6.804829911825256428e-01
6.417794844469876248e-01
6.061441472185232771e-01
5.701115777581159394e-01
5.399511339949460975e-01
4.861767662087674857e-01
4.378372094372595114e-01
3.983486182862193137e-01
3.627268825820674780e-01
3.335578984889313592e-01
3.072016979013580396e-01
2.855962154271706743e-01
2.660632923174625075e-01
2.355836450755319778e-01
2.130599889883537379e-01
1.965159032562187880e-01
1.847423110083327435e-01
1.760847426389018089e-01
1.700690918082126968e-01
1.660766661439008196e-01
1.636366299212277386e-01
1.620543456387238401e-01
1.633174554606484086e-01
1.662192401197100100e-01
1.700249143420598796e-01
1.740176709480394657e-01
1.788870857111979351e-01
1.832294590537002221e-01
1.874894227317354667e-01
1.955795547471876894e-01
2.034240613811873211e-01
2.100983943571264334e-01
2.165031257633037443e-01
2.219612322320418385e-01
2.269380942540303592e-01
2.317674458355870326e-01
2.359360279725936371e-01
2.435611951740736247e-01
2.501075739591372415e-01
2.556210288411351894e-01
2.605929470517744928e-01
2.649525075258939433e-01
2.687883434126850934e-01
2.721714358200856276e-01
2.750746742800161959e-01
2.800727217533791613e-01
2.839286001330151299e-01
2.869855215435927476e-01
2.893176859413307822e-01
2.911282584401973517e-01
2.924805922622094045e-01
2.934445827802578122e-01
2.941227960831592769e-01
2.947213098038986567e-01
2.946123294959011041e-01
2.940004692893048999e-01
2.930279275340421652e-01
2.917955333547335717e-01
2.902607043718281044e-01
2.886987866635168931e-01
2.870450165141815169e-01
2.835704344446350333e-01
2.799938262036250070e-01
2.764064744219579262e-01
2.727270398409887275e-01
2.692601014092316225e-01
